50
1099274 1324910
97 98
589297 904241
1020655 1933723
1133340 1770021
11 96
1006043 1955073
59662 87435
1002372 1983938
4 7
1023049 1979300
1053320 1903451
1000000 1000000
1001172 1954701
158 212
1516100 1836551
1412585 1916893
100000 999999
36244 78028
1969 2213
1023732 1229843
150 531
7153 9390
1049876 1954083
590390 722609
1950 5331
1440420 1523383
1096832 1954588
1054503 1974726
1269151 1269151
1039075 1985690
1344885 1876151
11951 29647
3162 6148
63165 64024
162 861
1066249 1986098
667599 986288
26876 58143
1036431 1952456
1087929 1945537
1000000 1000001
1016212 1966803
1092117 1933435
379016 379016
1060340 1926800
439026 450783
209984 397898
243010 333146
1000000 2000000
