50
2
2 2
3
3 2 2
3
1 1 2
3
2 3 1
3
4 1 3
19
48 58 58 50 58 47 51 61 50 48 53 55 42 41 58 49 53 46 67
3
1 2 3
17
56 50 58 59 56 60 71 65 62 49 52 55 60 68 59 54 63
3
4 2 3
26
31 40 32 30 29 38 37 41 32 29 46 35 47 49 33 42 46 48 51 20 37 37 38 44 42 42
26
14 253 16 15 22 20 19 16 17 18 13 24 33 20 17 24 16 19 22 274 24 18 19 20 24 23
26
37 39 40 32 36 46 37 36 36 44 29 45 52 42 41 38 40 40 47 30 39 40 32 39 35 28
26
41 43 38 43 31 42 37 46 38 45 37 40 38 28 32 33 36 39 30 43 47 34 41 37 35 41
26
113 124 108 114 130 22 23 18 18 14 14 22 17 17 23 19 28 17 16 24 23 19 16 16 23 22
10
9 1 9 1 9 1 9 1 9 1
26
42 36 26 37 43 46 44 38 30 46 39 42 48 32 34 44 38 32 36 36 46 34 33 37 42 39
26
30 33 32 39 39 43 36 33 28 33 41 43 51 46 37 34 39 37 39 37 44 43 42 42 38 41
3
1 3 4
20
45 49 65 51 45 55 47 42 48 54 41 43 50 61 51 55 58 53 33 54
26
1 1 1 1 1 1 1 1 1 1 1 1 1 1 1 1 1 1 1 1 1 1 1 1 1 1
26
38 34 33 31 36 40 41 35 36 36 50 38 46 35 36 38 43 37 37 47 35 34 41 40 42 41
17
62 58 65 51 71 62 56 57 60 68 54 57 56 63 60 46 54
3
2 3 3
7
135 141 150 141 150 134 144
26
130 123 13 22 19 18 17 20 27 13 23 17 20 119 106 29 14 12 21 21 126 21 9 22 21 17
11
88 90 95 89 95 81 86 83 108 90 88
26
143 142 119 138 24 21 28 19 26 21 17 17 21 15 20 22 19 22 25 29 15 24 20 18 14 21
26
254 263 14 17 20 21 19 20 21 16 24 28 13 21 24 18 19 23 22 21 14 24 20 24 20 20
26
16 18 18 15 120 23 19 17 16 19 17 29 118 16 21 139 20 18 15 116 23 15 19 20 13 120
17
52 62 49 69 71 45 59 49 57 64 52 50 81 61 62 50 58
26
275 244 15 29 20 19 22 19 17 24 22 21 23 14 17 17 15 23 24 19 13 26 22 23 14 23
26
40 46 34 43 42 30 46 41 35 35 38 42 36 43 32 38 39 29 38 46 35 45 37 41 34 35
3
4 4 1
6
173 170 154 177 177 145
3
4 3 1
26
25 1 1 1 1 1 1 1 1 1 1 1 1 1 1 1 1 1 1 1 1 1 1 1 1 1
3
3 1 2
26
20 1 20 1 20 1 20 1 20 1 20 1 20 1 20 1 20 1 20 1 20 1 20 1 20 1
24
43 41 46 39 51 42 33 46 38 46 43 36 38 48 46 36 31 41 41 39 42 42 43 43
3
1 2 1
3
326 351 316
26
18 27 16 18 178 27 19 179 25 18 12 19 14 197 20 25 18 11 16 20 16 20 23 18 24 22
26
113 106 20 21 18 22 30 22 26 21 23 13 13 18 18 114 28 15 18 21 17 15 114 27 123 24
19
48 64 62 46 60 49 57 42 60 57 43 54 46 51 47 66 41 48 52
3
3 2 3
9
106 119 112 114 121 105 100 109 110
16
1 1 1 1 1 1 1 1 1 1 15 1 1 1 1 1
26
32 39 41 38 39 32 36 41 56 43 42 27 30 53 39 33 38 38 41 47 41 26 34 37 39 38
16
79 60 61 65 60 67 63 51 51 68 69 57 69 71 57 49
3
2 4 2
