100
5
1 2 3 4 5
3
3 5 6
2
5 6
2
5 5
1000
505941 453285 557971 384221 834522 159409 450338 762932 606094 905873 288679 357891 304741 132239 75336 513929 297908 579863 961047 994708 778624 331037 383911 898612 233924 823969 245351 447875 557443 959640 731550 839491 349341 349294 869943 585171 719521 98211 61960 427469 307069 266123 815845 919891 224280 100329 188875 184200 723922 381777 978602 18663 535280 133002 849008 381254 240656 583003 872677 15301 230412 902902 420194 96283 931239 946944 426735 195900 26672 742695 771331 737587 691253 353359 287397 574865 793517 470545 515203 388743 822398 956467 274310 959885 812891 404213 253262 684678 542622 590908 993798 980970 703390 518414 166601 75273 820411 255556 681547 304083 214553 683854 171570 70419 995587 399001 360588 789569 211119 793883 232539 726639 751782 108546 383052 846648 491262 432247 66440 155054 946496 989193 520067 663273 132663 945000 628467 728730 857930 239530 697736 470694 303254 173468 716113 188250 166414 380531 428627 442434 223614 975941 97987 796790 754428 457818 301450 842316 747641 247593 877780 638141 172530 956545 364607 146912 957339 753643 464219 550866 506206 505738 85079 640437 356403 167222 360232 400286 53688 282508 308109 146911 422823 51259 491265 340886 291789 653142 636827 118753 117857 655689 366891 161335 275871 272443 240505 33575 343543 871521 483 25071 152365 545446 327549 714612 731551 654414 481589 859726 988298 129888 391482 871001 648533 402931 718543 277255 854799 84509 104748 785452 424667 779037 912821 751861 645693 281118 508497 236954 823243 992137 36203 537112 828706 965047 396450 447588 305534 55419 213191 970605 775092 990552 601759 35201 424413 885270 541745 831453 15080 330682 426840 448407 265726 739850 787374 833451 410382 86525 545888 838416 319290 62984 332794 264878 2097 650583 19866 809466 929955 804753 764225 695792 808407 552445 592383 25828 465219 977906 51127 389064 904718 520331 903237 559680 356446 948169 374232 855709 701730 980240 592083 747486 57835 686501 22545 242003 752568 264359 278132 644526 981116 95106 155670 612360 733291 192244 637130 15297 158513 150303 369244 616859 945615 545092 483054 500009 153900 656311 707611 645957 398390 769798 69307 99303 457797 428003 327546 970443 752763 455097 629496 275470 717667 752643 271043 602416 545668 633217 12273 401219 35669 572660 381272 574291 14704 262018 383593 580505 574863 260628 912374 23555 696154 783155 898278 51289 512660 305094 71846 543544 925151 507684 918576 61151 815442 370564 300649 45733 988638 790993 506506 430383 883745 994612 957759 60066 258450 337720 303676 573654 244057 24435 778707 153933 828614 463935 592261 924446 850722 134159 106823 557383 621635 849264 354924 873096 596067 751321 173348 304936 402878 541429 352567 714958 810029 261528 329070 657354 767937 518952 296714 318848 996928 55628 809919 76532 807783 337570 933712 195293 397681 178422 701891 670858 924082 276457 240857 351636 592672 76667 70476 694762 624540 646227 923098 675248 816461 938885 825201 531909 432157 681394 164156 30841 128019 79613 756418 331743 307397 797555 331367 129318 302257 371682 618539 548216 582565 195414 403912 749634 359500 406881 469918 600945 889902 408028 681622 414514 160486 725649 311755 705730 4485 622120 490568 584707 944503 222886 136682 427560 363372 985073 677969 873499 571784 356231 746595 159129 163513 83079 521745 589068 486747 546769 894936 454544 827242 126230 874971 968203 77155 511951 712849 55387 904686 638993 958674 759305 33679 141964 433202 285520 704151 778404 299215 867363 352732 148318 95317 830350 998886 458957 185183 472189 765722 278454 129728 668286 5485 108990 395401 653175 391176 649555 647925 245777 667708 350668 66266 401287 790579 884031 101481 685005 792723 600436 898606 742111 691476 402851 628997 411465 257550 893179 556753 792961 376668 753199 603520 126813 768307 16768 247815 302006 139042 403848 598116 985825 411870 428927 179776 737691 993259 548219 90197 258217 701936 181724 59977 295027 945698 53904 201888 257832 831690 401771 379790 672004 258535 317344 723096 939706 308972 500315 746427 836228 398812 560416 51739 803585 495808 106324 780048 766096 861350 292054 783461 351791 702322 645880 510556 659971 283131 354095 27493 89211 482881 627785 144034 355861 773617 778158 958335 46538 772742 146066 333269 725924 634709 817967 552534 97025 299569 230594 893702 854503 900521 425948 636950 821855 341291 103887 575560 549834 873643 898323 321134 896706 144988 398746 281468 589518 131050 444948 894054 345585 94603 408291 473000 501742 921544 463686 492574 813479 218039 218344 322230 905846 983560 264507 669091 490187 390373 223441 358462 221392 89293 760778 589367 648548 230443 369199 242045 388768 804361 166422 989565 89551 548955 478217 189644 59901 371606 657881 347123 891100 468503 523608 16412 776939 123448 389270 784799 105175 340607 216576 379929 877910 690939 329551 193331 236262 185235 301285 900669 388841 587258 95834 342757 165892 171180 160960 779815 601761 700666 419959 580530 625082 182614 907121 802821 254921 634956 438796 330179 735469 772538 516445 128046 47104 580275 968904 874940 111003 314937 14233 315695 249624 721102 111923 129886 721392 389463 967148 3736 193333 700244 6531 267210 542331 336784 438700 147613 856658 459214 159479 450270 828721 239959 680350 241918 577673 162290 841817 713092 872483 641864 650941 311391 479691 570203 499794 489755 871790 457553 951160 714949 386697 959569 61048 282209 769382 64088 559073 91560 569956 601547 859119 483616 141000 71362 44997 102994 618479 736051 410258 628195 895488 85510 522804 624335 372014 841839 866355 613686 928607 356542 289610 756222 346593 500413 525520 996812 633866 587543 876680 153751 315130 693124 745403 559208 626005 937468 146251 111063 542670 753018 30872 160599 338061 346420 382384 188412 419598 698490 838596 27380 454069 115875 426315 116110 406139 192306 859506 152039 781239 64268 153615 498109 703614 240816 495252 125061 777056 744461 317595 832065 316607 483098 463666 373129 384272 773698 897174 11584 16554 929141 377288 101854 515018 773506 374933 494045 410473 734885 511872 436155 689404 71333 6084 267814 894130 985832 258616 884705 257283 433802 830040 482375 876323 898299 393830 246066 888259 648649 297485 583515 208564 310038 459492 646497 528975 387587 387285 307188 20938 241088 893638 803767 188809 238826 871057 980811 537825 753452 566137 357764 843935 145502 763806 305671 583249 937662 43258 626807 899787 643881 72015 800090 953206 620457 215915 74956 603441 347696 479679 767276 902737 638554 194546 293287 887972 186453 178198 968477 529243 109305 630234 837428 946416 16624 654861 338906 79604 680295 807266 381319 364218 470288 567811 986076 55371 489089 463117 200503 670490 919022 242386 875861 185295 102280 640872 647789 835218 926250 671586 898680 85878 34124 845590 354647 420952 820385 915774 771801 25577 423195 984793 222000 412319 842995 507486 930621 498385 652930 583148 129465 69037
1000
77598 516516 368867 499001 69005 546279 767821 936536 225410 49986 894699 868831 777063 235683 777066 218298 588278 285818 146879 295267 996979 102674 535032 38634 396773 330526 605198 543106 387994 533288 68512 463615 11471 101200 486911 781054 482374 129610 513742 357946 963069 636259 7054 550570 853877 881410 878829 705323 973709 131200 394109 567322 545682 541480 849716 519984 27169 283349 682711 656618 639766 713404 857047 563813 232075 42851 939629 940541 697143 482115 75429 257589 164163 854935 482028 314546 27726 717788 229897 816965 260357 942603 592640 412325 411244 825143 612624 249210 113441 700084 188130 667074 524620 524772 905895 382507 747506 830665 498693 313725 240644 72432 43566 915191 882966 402972 189780 529704 202493 829345 30242 408309 461469 844056 454403 320440 632210 496682 987343 554399 896705 963445 420599 669794 641748 527968 853064 59523 490948 473081 159565 820877 143926 44923 909273 801272 744842 98371 645209 855255 519014 555004 662762 113640 570522 399957 174036 646070 652976 145387 555478 687117 256261 543302 655702 721020 768934 576909 431529 862905 347416 946988 670198 615370 687353 990614 304790 76890 573092 193778 9874 461299 343032 335990 762334 226811 824291 527613 335388 979856 259090 419495 99875 903582 896558 522174 849897 898727 776439 220806 870148 921003 657899 740277 811267 221682 226941 636014 445865 176501 420996 58531 526473 534444 253557 510174 707850 251629 276577 839923 615687 718025 739826 352511 392936 223451 27801 215922 933924 654270 203321 121940 115687 591024 635220 394983 425136 799308 567158 694703 748469 313482 229554 321060 257339 958163 413143 502654 275099 441122 504121 627216 340432 803072 664478 538605 140696 778428 799545 138946 632915 518409 302531 386886 410429 718628 328092 466415 865136 902887 706839 274539 432257 76101 905237 615307 428289 296833 553395 96810 649702 152434 404336 648653 735601 915707 58878 326959 1022 594716 536827 954284 509754 584080 562573 549923 549044 426800 969249 720008 729024 974000 971587 217866 141324 352315 439965 762841 947777 769107 45280 257462 422113 792520 312260 630682 614012 274931 90922 772626 697689 36498 250608 780308 716248 559263 963352 463823 984084 179557 119200 334740 379299 922443 450658 353200 739996 317336 32754 131130 693520 985021 615495 881162 645827 432029 534413 897560 673369 870013 28732 171144 69504 911930 221565 347607 9531 52602 838140 872441 877968 7662 664857 708299 857461 780625 806573 827112 330743 612500 695783 962883 281415 169881 65465 935358 338254 787477 956014 492616 151068 833385 565902 815233 957191 588585 812103 919471 54076 982934 129272 509869 410188 132752 865069 532418 672758 148617 989311 742643 498983 717305 502335 705205 373006 333080 968710 434652 265660 255177 321163 804235 301832 138503 368091 994152 110815 849329 174342 374311 612960 380521 60886 789827 250631 102592 727241 51811 76094 811691 39027 228485 99533 148693 4152 81745 151249 199530 628122 149990 348624 337723 896868 381294 919762 675619 248895 358325 661434 210970 830805 351817 967605 20824 362519 18422 733905 681347 227060 147261 210958 182254 566300 962568 716795 658739 337342 356070 629244 477535 948312 785905 792468 669200 525578 578596 555527 834862 503472 533583 638008 529049 308783 296550 299958 818093 649512 299811 214404 54535 695663 566956 800880 917 760102 888460 748517 630524 390682 682463 714278 421488 354819 817030 975087 142345 374639 371167 134544 182781 430218 346606 236796 320225 277645 191148 586546 744955 737407 241763 637978 978761 136371 950956 386362 756487 218627 680986 472283 184654 198993 932126 962563 834265 858333 683732 549016 374335 622123 352320 695630 931003 495099 191016 607729 49459 826113 807368 429218 779832 21577 218804 253898 274213 115551 49503 309990 288149 499011 989455 69009 663052 360720 121969 268861 379445 646772 974776 195603 849965 423509 790952 625562 267189 970375 349987 776998 120590 442316 55847 468190 403526 639860 627073 391655 955698 664960 891875 527266 147664 992188 584732 357216 397980 415812 874478 148669 929236 704332 625501 387971 622146 296456 595570 978609 72815 849561 423562 739574 168181 345033 583343 76617 815384 401238 565035 14029 466519 671834 603953 922081 10442 533999 281795 949551 968438 198863 215980 362418 873312 22354 378965 118696 799064 419000 379514 820404 860937 674849 98877 976813 343513 708334 534220 460897 718749 748631 781098 597865 482772 967409 635155 423932 839856 260037 259262 211724 316788 332720 794400 726623 575201 75410 704402 452875 415032 650483 420459 795456 592834 472431 296352 763410 440887 30545 386380 183961 365072 366706 210682 231326 840864 819380 260430 874216 79349 969371 237269 329854 594920 253941 391722 705674 838568 263209 192294 535111 246743 763387 487848 173945 328509 571365 900127 529614 60720 864646 342824 475396 795046 803059 441459 511388 936804 326340 783186 758249 101893 171342 456466 929638 899281 704345 502915 629867 589551 358201 571519 858649 577892 151592 595254 143985 969019 484073 598330 206694 475070 310284 20920 698684 102518 60406 879581 459890 987562 219790 899108 882420 43563 513816 878840 190947 236718 948519 190498 922770 782574 51222 212488 523683 11096 399435 56632 10418 959544 848979 344187 854973 897875 517604 483043 453574 875319 516906 316980 244473 116699 302994 668864 591382 560060 583218 52549 481807 925753 609922 635612 490264 181400 924575 792784 791480 619253 154410 90866 203767 32525 326562 372884 189208 30641 846716 103356 326054 31829 684766 312222 183819 877155 735786 576850 706444 822959 172333 81482 86885 215323 869686 203180 894427 661084 446285 775620 152991 554823 929755 25785 104257 109832 190219 192908 576643 584368 597304 750112 623731 240087 699095 528457 247268 652735 400626 335810 812225 899858 219712 67445 942730 2523 830739 978944 56316 749736 234786 825518 441506 120412 834760 114101 452561 295446 249707 781763 96309 313181 964843 346180 513207 419294 197057 495330 844710 102593 814604 551844 138407 637532 722240 978943 784659 769364 955775 287851 96807 500518 218234 8820 937031 820828 47821 594108 82473 326609 417720 725959 730780 984920 439648 400267 955851 682780 105397 537756 583372 461134 186236 998064 399710 726382 449767 95803 777654 409364 446561 410300 104700 937304 582699 953213 167989 28121 80314 115314 965035 491881 350352 684343 740852 878316 978937 707144 578125 141180 431515 568338 442792 169397 1418 332205 227816 426202 644169 535960 335975 117596 616411 291256 905246 222189 542403 701784 838784 712934 200765 765429 750660 382210 810746 517687 620879 197633 100561 769817 185778 114285 585093 54996 139913 359210 214780 627511 952196 432628 25777 962482 183845 981552 435666 250116 208061 185088 253459 239489 680022 865433 877899 142336 912264 339936 420180 899508 528813 156876 707011 991056 214499 193433 335573 966094 443822 890666 465734 40074 13853 291817 494920 865744 843770 222441
248
517464 240507 820287 997343 21344 687427 874886 175526 317571 24177 442705 30034 193815 422010 121179 641183 823106 294692 768513 443158 144805 873728 827034 322221 190750 87076 274712 551326 656521 169959 218717 593614 626988 616306 794795 870788 297737 305075 684943 820960 322252 243243 239231 29823 884663 344460 211613 844633 980940 520690 921528 353160 298806 540399 576954 384963 173659 618396 229204 498963 149417 957159 546339 685048 74444 892277 997335 26867 560819 882720 458048 158820 80335 382750 327058 388824 64946 670917 548020 637426 651235 798127 768621 88111 875901 197721 202627 553693 144905 934562 557246 765974 554744 322676 248418 126673 228095 53251 68944 852421 17304 736631 183368 974273 177994 673730 300816 953251 450799 829104 325111 726225 707563 304052 237837 403953 615601 360638 765887 137934 97373 948383 855699 947889 404396 793727 169840 921966 347006 510744 784664 538870 819143 608100 904189 606343 403686 175489 985339 301296 19746 13566 198109 362292 179309 236719 647222 836299 51263 427711 957786 640638 649177 26556 455388 827661 996363 396528 464084 278232 525575 914208 767792 186121 863020 338010 18100 853194 487155 714644 14232 240505 95026 754708 994107 946338 791378 114849 652081 295389 226262 247571 890346 263263 777029 614143 346041 200687 845718 831274 871862 611948 170832 830657 596398 549447 782630 182169 908541 747553 264326 626676 984129 730612 755695 703019 391712 571581 53589 411966 163304 914254 836476 249828 836672 958133 325866 488018 578185 915582 821088 702667 118348 943323 718488 396063 111714 48039 720395 970636 104298 272107 277891 166849 487882 658898 712040 689588 881897 413098 418133 370288 983920 349165 352939 492028 584069 580079
854
391647 108421 789040 831608 187645 56370 583834 771632 163946 330924 562368 478790 590175 360171 328001 326777 860255 904322 153329 745214 957578 339480 141247 851243 90450 731060 420156 545529 335473 641668 22644 420876 524536 466456 681546 58410 113399 206979 734094 432483 767804 787611 954392 284972 194493 227 439146 151700 616840 739715 432141 839310 297502 593712 589282 23787 395776 362506 354659 43476 71323 492780 960685 638579 66868 630272 554242 738674 945620 664286 69873 475145 25118 228597 229019 28963 969598 688074 353993 819404 404078 972510 948677 544538 956785 910580 375912 516306 434590 209815 96121 538881 571981 566077 986506 377401 190611 13858 145510 640090 739491 352472 408696 987111 350375 304635 24884 252884 657917 663272 315029 947081 593972 70264 42780 944901 682860 938706 671983 235096 969457 704072 910310 936306 659570 667610 889870 599167 593056 362226 142397 847407 850793 323014 384611 286650 778866 565311 476582 695793 991013 221171 610847 666331 589077 307775 860951 676676 210028 770872 249196 638841 830005 280922 871006 739431 780054 930467 823287 618677 258968 660608 791165 67052 269064 27863 454840 341942 622161 564742 440685 576955 489628 182205 437151 771930 906846 452840 751101 654149 188962 689105 636917 353933 238863 738376 185726 636456 872902 260072 968273 762859 220967 29253 923206 62899 460571 190769 691791 987899 338581 977149 609099 352068 652287 869786 737849 387489 223790 269613 93844 244008 755305 537595 271214 845294 798952 981587 398488 43671 473366 529695 91556 224992 291199 307819 425815 26494 806994 305572 302566 525852 212897 292436 316955 954769 251917 432004 430907 42318 937102 807101 481905 980797 868747 933564 975126 685393 268812 336568 132453 786018 731526 660828 850165 149483 855712 656931 178251 303787 770506 472663 902629 128462 725254 301761 512726 157399 363137 500043 779729 393485 534208 192997 314242 713996 379256 123972 796971 359278 41034 662497 526585 789224 161656 268802 358271 872624 616369 638629 15649 469234 198787 850536 375244 603512 609745 845523 144688 385033 641465 150254 216250 909755 568810 160637 136845 653094 172237 317261 442585 666552 699937 881894 968361 750510 191047 92453 532670 343101 844234 643339 873731 814380 743913 875532 698393 701555 109646 953880 244675 413550 6252 664003 251664 452645 584842 380694 530356 14175 752988 555608 374537 859843 57084 540285 260434 7288 192903 894049 776137 76756 928216 644032 157308 111604 760614 324385 268240 475896 657393 290294 404814 316772 173226 589785 258709 882382 740304 538794 810859 555344 821630 312522 698398 528600 710778 680106 255965 958992 769137 241839 780161 285808 388610 987632 763408 541533 553959 230926 996467 935461 957106 818937 921972 76449 743392 95356 415472 618603 235557 184758 529947 813019 708764 29940 946900 971407 799795 642634 321974 751799 696 988877 851529 171400 773480 897609 679366 321912 469998 55042 339583 341984 54588 510549 950116 931468 808193 704133 668244 408368 870916 877511 695929 825290 959608 164386 140763 187993 285785 592895 917577 833660 464477 329939 721733 285909 479239 479841 916865 767590 162349 179023 563805 728347 246369 33187 502068 376337 166239 73961 895934 329286 836016 369351 750547 205044 116864 527333 232026 386177 401591 990903 977438 833535 764426 733626 750837 747439 507602 677551 668663 387956 66291 601859 494891 304398 500713 4469 336473 773816 677965 233600 426844 704535 779000 946456 649548 618819 848658 775526 96967 479553 637788 94387 595065 239464 979092 589850 844028 849967 663439 555459 865967 126289 129072 100503 894456 382128 841670 594150 853455 44080 472403 13956 57083 159358 764291 491931 984250 198354 239319 714585 79381 469907 86732 152712 239297 329611 802197 546370 709751 393498 893578 125891 453405 760411 565982 100936 388504 203801 678867 221516 475971 303900 773153 920584 29941 315898 588972 527663 34655 652644 888987 424710 406122 775573 322340 237426 512363 730078 107621 255698 110999 945074 823513 546665 578719 275206 5532 47365 44719 290967 158836 606591 452234 859846 447979 149868 182791 913179 843541 155985 305518 499987 620792 889603 922794 453628 347087 786099 388360 400934 218503 832124 103022 157813 308476 787398 110817 819416 556295 964308 368965 74395 974333 478023 874487 853127 254937 939218 364449 367165 533761 305473 291784 704332 487998 558493 898442 436824 279013 362288 229804 796822 272651 415889 359539 380470 743911 665558 750114 354104 498346 507429 723884 57560 565833 876804 882421 790973 396121 970916 235443 115413 886539 998142 463845 450797 907389 804329 71641 115567 613242 632699 46791 42908 243469 535050 344447 174178 384952 793898 880388 167609 91394 497029 977941 429139 191989 281960 616195 123318 19445 543128 492171 657375 886508 618653 229999 274723 207547 974023 675169 755295 493557 788064 595354 667171 645603 569013 681933 128467 848037 873894 594030 863085 770799 618055 933247 684022 844388 465395 211739 764843 678189 533422 471957 443033 441860 839969 722541 949541 123340 714255 712020 117356 189030 263679 684714 575498 293842 441619 354909 216230 20049 630125 178390 639645 495685 551699 897684 533348 225251 872861 140231 127132 304907 452920 768846 558706 136008 428714 448679 245993 382262 635543 975455 740428 943378 649090 135766 574794 55060 804385 654745 661013 605226 413152 768663 200612 282893 586058 433277 981712 995953 652730 907364 666540 667227 592339 215118 391141 773007 654857 63446 882540 462691 492749 693335 36816 98995 80100 534561 992863 142714 652702 656834 185981 446979 686579 746011 273071 101572 156455 900761 646890 931583 634628 898321 154220 821131 490319 343339 685198 231457 670665 614378 784564 492716 470248 660166 660682 134883 247993 793928 523195 769134 847844 338785 658919 149097 960553 498357 351362 107276 448932 91994 115292 7069 991875 602384 474998 917951 450721 847522 979812 814711 571968 182456 304736 646693 610055
385
258460 74809 557126 354688 14769 784183 567736 455313 902607 98067 35545 307619 791270 67118 753290 54197 681086 32092 298044 421303 433858 880945 743554 268838 384905 679620 727836 211184 959917 396043 818878 202052 233362 305720 388469 856151 710529 205077 346015 787217 657989 825679 384159 373055 446214 964370 456706 758761 503445 301443 950884 168362 794496 10016 477540 466510 851662 800754 80266 82142 620383 768477 466809 110518 14364 91990 122604 632027 194186 673482 40344 161499 427635 195709 202056 60131 391521 178149 762090 990362 338012 720268 582562 367118 135966 77172 922464 636321 647568 806000 84715 720527 947480 924897 338721 552156 487780 860812 72753 600901 304127 821059 454001 225391 433590 54770 189585 824022 647652 568986 123175 875966 636220 392644 549614 979165 108236 974123 229746 747957 345012 835551 742533 318347 309191 502368 188424 452540 950923 679793 52914 72563 935075 728993 749289 9243 853190 648398 959265 710956 908517 358560 768457 762584 638202 493277 596404 895507 558424 405318 484073 961234 563655 389948 847313 24632 943061 882173 987290 316310 679642 742376 60047 191728 551933 561422 874164 768926 32393 949852 490476 427632 444157 117415 348652 14057 534388 785911 839244 299982 755876 354852 473855 547149 785876 391680 361500 264444 199361 445967 815418 624779 535247 829903 933451 401046 990585 551843 872263 45819 102998 535636 206236 187796 706986 858601 703459 866912 99406 964999 133275 248182 71668 687146 391881 904806 139068 77516 926384 723062 972988 962386 666924 194341 961207 553981 330604 333372 391064 966929 476813 711969 455545 914136 42929 330757 568389 216847 197433 386056 228252 308431 74534 104951 582734 189021 234251 53751 363753 557186 814112 790618 290432 551597 199907 572596 923219 717916 701157 595540 936843 217335 693986 253672 396892 809246 49745 113056 407769 370789 353612 418772 221873 44416 658890 249685 884772 156627 53046 292186 464946 477972 250005 382002 455528 281555 19477 606497 622782 92005 102126 782117 324158 874752 660506 268770 863469 309272 765408 20820 772503 614173 474643 648464 662578 20588 392748 781511 333266 969001 357460 481197 999193 805108 139462 116069 591399 722962 908395 342532 66956 616491 425444 376100 722026 262733 14891 974998 823056 584782 345058 651623 38839 596230 515174 101982 331738 739233 156295 514826 602907 412935 522413 558749 314748 455221 1153 846602 784084 14872 266450 222855 785477 466090 358645 725427 860669 118458 647654 663831 141325 119344 945150 942440 580815 261406 432839 831366 533716 590225 701739 97213 822912 958858 391049 396899 39497 503212 585437 647105 366846 545896 354942 767792 660609
356
559270 169263 299424 386056 390587 429208 765324 957309 90794 551105 536681 196761 455021 375732 790247 210770 306919 602191 575271 679033 80821 76061 874158 305152 433500 254317 374108 413668 868480 979484 807438 512721 953063 118330 324328 97709 378679 293934 392669 937726 465197 640529 153640 336915 727736 861383 586789 280392 302399 697479 975790 127364 117801 688211 761935 937229 555743 42785 767537 946828 151820 568668 315484 772572 587915 322729 210531 368935 107792 472610 214747 379047 585352 327112 194535 679436 638522 128161 1806 185951 798882 388715 884685 425037 720848 545103 649157 996381 129274 116520 728263 408035 495851 101589 885336 840698 489054 940491 97352 537717 819115 843583 737796 566415 159937 437714 96823 62025 949593 980675 818054 94797 213330 941201 603478 935003 584433 542079 61986 734055 765239 207983 998066 809532 589212 969885 293536 53285 808515 870403 462447 345504 668742 247569 889763 279575 670144 868462 611106 83064 907094 140479 891926 352350 690713 179458 848460 711456 936604 292462 986202 989145 358986 104831 278894 752276 816279 867809 453874 544736 311444 254387 476577 845715 304340 147250 447424 620835 444014 968505 159610 789589 107404 66467 70157 994072 177704 624221 644936 628622 93907 908415 326491 867085 517760 523717 857897 74575 631717 982454 147246 52097 120876 802266 36143 240959 509973 542182 375432 634552 246022 169381 282546 64487 767962 624976 466223 915942 611410 204441 889599 770692 602070 717601 11808 234685 878160 37462 892921 992561 439659 629808 728807 222237 915318 477754 34938 239665 745998 789927 166198 372119 219118 988242 818600 438360 519348 867747 514493 620784 219668 44966 961300 166432 180075 194211 287511 511186 881334 754862 232691 43773 389957 884296 973217 409167 688854 88712 901662 618925 527117 423361 589458 607295 214206 665582 814253 625748 488754 193853 542326 97094 704506 154834 624151 269490 92835 938973 946579 859183 107377 517436 56140 737575 324722 831841 102833 598886 805546 987098 743551 473328 127625 711666 192596 732218 705106 226628 802020 261316 247649 747347 314808 597799 60234 686874 402709 646959 222171 419343 634360 160079 558262 572690 993661 488848 798467 754186 435238 699820 806196 571215 215196 420151 791998 470984 774250 363020 455203 890666 628672 580288 941957 301191 850261 469445 348367 788410 329536 443538 203719 279599 137210 948263 517932 734005 674845 719143 334012 567500 306779 830835 915795 323029 685447 376741
902
462016 794907 129853 375317 115968 204891 676620 958474 612833 406919 568549 725622 850418 243700 367470 240537 504031 763171 901091 144893 924550 541984 57160 841980 41543 321990 331853 875234 841783 30043 657364 179507 838164 677497 496761 755659 17996 825715 96775 300658 112547 225920 826717 869254 428319 608673 786888 971348 491763 932805 258791 150603 534953 102832 219692 636621 240514 482630 213856 80557 437046 259965 170076 558766 679408 229922 187496 313823 385428 862179 713462 260004 37042 691479 967419 108986 25886 835981 21375 5735 198085 233304 716799 838443 353659 984303 191713 289048 530076 238004 313259 45683 800076 409514 385026 695530 433141 62518 251744 490858 498465 10 517933 343953 368699 93182 629199 681214 530299 205570 79389 83512 754021 173985 629577 235373 999811 480419 906635 427733 757237 340343 683342 366591 832389 529617 994072 637479 579487 745475 192635 302316 814692 417939 897107 806807 698293 501512 719746 116572 895297 104186 824337 184384 712132 263606 45225 845177 795315 451405 976404 552084 577423 259849 607039 451356 558188 348871 143692 469204 833805 453843 992595 747206 345717 21210 315962 192711 502119 162357 995747 923334 46060 365453 210164 337972 345337 167103 101704 904830 762753 177993 608874 959674 526939 149702 420794 411285 218821 462262 593896 614149 138735 603587 346132 175055 842130 645739 109602 360612 819813 191988 901249 474217 466818 305676 669934 57852 112852 527410 449285 924648 454785 450757 771892 671417 659327 464665 181884 586080 650309 242996 560395 854707 613537 933056 990800 99878 279515 373650 70080 940759 346358 20953 934114 905299 29139 980274 482678 999071 899148 305927 137075 218841 628406 203681 85949 932627 513265 769457 389059 52294 765165 255917 886546 493537 91222 471247 373507 923586 95974 247233 724691 935776 477365 826056 512819 958624 495431 657259 755041 688657 998302 465628 865268 433834 297444 526297 568319 928397 606224 502210 631819 756916 339839 711449 351765 668135 663019 84806 696450 312232 749990 375453 374655 583972 886437 648116 126877 965548 676215 309923 38547 934847 68357 5939 53637 750156 411252 114520 364485 220457 670367 906259 808568 214532 910560 926182 355330 134707 674784 871481 863235 506136 588593 716047 696447 589580 70010 270927 78967 519035 953680 666546 781126 459331 92654 940468 990188 568015 112074 601265 742653 980034 631441 981112 962629 635825 970265 527992 718135 243308 464559 946536 363204 567657 742419 428607 581126 449948 368231 94674 63141 382639 876704 329458 366973 383158 544737 606233 410771 385994 487976 730272 638966 492336 200823 198485 227197 317096 967470 429578 242437 541553 995356 959309 972422 804665 51905 772652 177472 944018 118558 105369 93607 499387 777183 426906 920643 751028 833655 231343 68664 13449 243365 973195 966647 676987 372566 541425 206825 347190 843675 463152 264758 831793 103930 67410 741659 550103 552880 177568 984703 366781 198569 783284 13821 904686 732915 813840 20831 612859 673203 391480 764375 32195 477646 705097 216025 985274 8029 603024 552170 644813 20536 838067 456755 649102 611702 666905 509524 607757 653938 373276 134165 579039 227373 968667 984378 580501 974792 73394 385756 779768 373583 949469 394749 676315 193503 608009 729634 586426 385513 640904 654702 112015 857669 740757 918679 682707 381879 682422 151679 546935 436998 55260 346371 869299 476030 233732 587593 724838 167696 911247 878212 428146 966868 858370 71284 191235 851758 793399 994313 515543 877315 697749 337485 184378 711468 352424 858531 375101 362229 718019 98485 929542 742959 672814 240512 110988 564018 424166 877523 365048 748614 877690 557488 13983 888307 512760 819243 201405 596493 614341 214339 953368 866584 267040 995090 658724 516863 478779 966918 93968 27622 674263 974 894226 429109 799322 128866 225441 125225 130979 343469 708315 237274 879507 603873 783847 615567 658637 257006 388898 720489 211117 319802 516041 713635 74910 222698 250254 368439 29731 982929 394190 962673 71926 514497 993971 926599 423431 66798 894352 164179 920597 497001 334821 618331 349249 720268 728231 311758 490674 343008 433316 100641 413095 186359 208895 975424 150103 345254 907534 659606 987719 126245 424113 551020 605209 979664 596957 189560 101208 529931 867392 640704 525266 715112 587083 168018 935168 464695 320510 488351 319387 783710 872394 548043 839085 880447 405244 592304 773276 364616 862461 632783 206383 407632 322093 126455 149411 488134 410830 388699 382431 230926 923489 928124 559332 863765 977576 541184 433797 498927 36298 609734 882848 391600 118412 835370 820432 400034 659817 48961 760815 489096 546522 973572 863090 597927 918530 311661 53180 923984 10750 799250 485821 232132 30592 888186 846504 589708 253176 850309 300729 641913 840064 934625 721321 708427 251145 179735 408253 252395 293404 173717 101381 518810 478095 829909 804825 904591 317279 562998 282566 19911 942542 315187 803198 634629 146624 187714 646732 661178 54508 488449 133215 47269 667877 796555 700477 353128 392846 354482 489902 911170 415142 124476 115656 857214 880640 622960 601993 438643 364554 352173 518067 527149 227616 155977 129751 111396 621869 255104 32901 670489 814956 2959 97378 90164 470276 932047 229712 344421 807494 126336 508889 606263 961692 362351 773446 565156 855147 760227 407481 956120 154305 785427 5465 15061 587181 340596 584215 227899 236710 892012 791189 325496 53657 183452 691709 603824 245048 89190 826650 796865 709643 159990 2532 637496 231308 115387 647172 880049 699476 555934 785136 751945 941989 62701 701918 878374 744352 325006 873576 458874 664449 405392 483674 516126 379634 109196 373406 722211 623515 189342 275808 520582 338241 75673 242008 782341 495226 743449 50906 136724 765103 229843 122841 102415 745481 780444 999478 639619 896001 809862 748762 116379 355691 982309 983519 39142 53268 11755 79026 354945 605683 812337 744008 267202 274255 654793 323719 266960 86843 146566 675324 409080 295249 421263 771418 785148 208115 711183 830058 52209 46331 692977 64480 510274 266709 604855 264510 182261 809387 533156 735577 568535 822227 1583 969680 823295 967911 843960 11273 604602 18792 279982 741123 594600 679512 592742 180917 441937 339228 451605 308885 867003 762036 934008 133119
523
409527 596508 97631 74113 729345 228050 777714 77221 787478 86578 849550 162886 301135 772512 349263 206746 545858 226400 741635 62930 630724 450868 129651 790430 717102 980193 29672 641435 626910 851984 2819 238467 13300 392000 524889 447227 703384 838077 865849 526209 912381 264959 568368 723957 23229 692106 349554 588827 232709 756605 228742 124057 146472 20469 953315 468419 294373 337324 417023 588114 496304 632364 786079 245089 620803 408170 991653 801970 183635 67145 803557 933341 384708 48620 5369 60139 11030 49203 755622 996690 89608 17162 988653 631887 591520 252562 242981 512291 671621 991461 34674 786680 822705 538778 87622 569090 118901 513946 327629 664885 807543 834586 427712 322960 835872 646214 84350 647638 264475 739881 64264 941364 170276 758813 299441 245710 694592 742751 817328 567667 279828 323989 655138 650524 941260 473577 710149 3079 732543 499685 493938 541939 518699 943767 846544 488064 620458 632875 896723 368536 960769 623852 406344 757780 869480 147053 761053 370051 970824 791023 824929 737452 802960 337366 428068 843304 737026 627774 88008 323561 847563 189775 267502 36119 737277 949029 563111 179521 985786 986779 587423 919504 931783 205129 958475 533720 266065 637898 825791 737344 46984 589728 241910 514739 842365 694049 799521 61221 527505 526318 706333 533959 378853 719395 651805 304061 481446 451366 573381 765496 296415 318005 661370 102131 166680 480351 245605 437993 197008 404102 87392 741940 436267 949013 162832 97663 171370 34575 505429 277511 740769 895687 923838 34253 947212 92881 809769 241920 270878 214875 432639 820193 748657 793890 536570 696236 113440 913641 862547 398626 19081 328153 756160 777451 135184 932148 661267 936240 550526 730167 141336 823378 250790 636493 750106 977992 29423 150857 507989 776229 359105 838117 748001 431864 96642 747853 423021 993895 944046 161556 987930 684433 402139 807851 543949 904152 293717 727436 558831 913663 274267 77070 548621 182198 378147 286520 388324 853267 396756 757877 765025 591646 274078 843346 136296 264188 573268 862274 937827 589008 41026 181026 177383 999930 811724 159426 875142 562967 145125 770131 650304 346924 2163 385525 52617 246828 569567 360180 421341 748423 737139 243748 308382 562030 498454 26935 314307 949034 582173 353276 286190 154646 22829 346895 519276 756648 273529 830331 258471 944463 471835 3536 706679 968112 690455 697153 982546 402483 478540 597898 733098 791429 829150 306426 502149 414643 889293 908407 954059 627477 497380 312051 732512 993170 375948 909787 99853 110194 40569 223322 286184 843098 107308 87916 800870 853037 499202 156473 987253 14594 587187 72761 787337 835172 246150 123789 528521 735775 5040 336682 402855 417118 512057 495055 122666 788502 425081 768546 46198 519909 419660 490851 41743 241255 524949 662845 386458 192271 727397 943554 313395 817940 965092 903880 282880 194416 366004 17419 970123 453148 446573 263584 535756 817957 462100 206589 319166 890354 841424 412175 16304 525400 324579 141567 413264 951408 794773 334196 297059 347490 248210 419787 348325 916596 509837 342162 513155 246072 786428 627216 257265 453177 363665 786665 211569 342616 665487 421623 673366 91333 453408 992871 438867 832314 476287 830869 756272 871013 276393 858399 760343 594102 14392 424162 91237 404667 812483 139841 156575 296162 459253 827756 342003 898971 705455 224317 32637 98581 634304 161058 532791 619583 773583 786632 964927 575463 187926 684631 653536 810173 723529 825414 941298 322743 755553 625265 178928 286435 177087 157626 55966 111544 883505 585898 759328 293831 861161 730177 891106 696111 451304 930748 792715
415
303553 718829 121791 623818 501811 413962 48153 756068 187730 190492 860114 336967 983487 998078 296045 336037 419936 106940 741065 899415 529595 597925 30716 11895 550684 922668 558637 463332 294295 985109 633533 98685 691987 532496 983078 692244 103457 247097 96269 67110 823069 429620 998467 543034 567460 469938 849769 791465 183093 148819 853806 777703 174183 838455 351082 610283 654117 973079 181738 935272 114181 995328 1470 191954 159510 971877 801428 270807 237941 472264 985455 399240 38240 683569 964827 762702 85141 195039 151156 630492 233970 424589 711206 961295 427983 409095 193437 216441 343009 342224 122631 294299 28400 407016 973279 359482 486493 692421 218321 953992 844288 380570 12048 541816 255409 313778 948014 80272 376175 198738 164330 50282 867142 906845 24248 809158 157312 966847 5612 8189 714580 841283 241139 265178 356263 285284 17879 385042 440579 963327 200964 415319 824221 690062 738432 753056 658399 703400 622487 308257 954105 266991 965820 448538 346310 280702 570286 139626 120351 777855 472909 277759 402720 29313 259639 635934 149252 981512 811091 559093 950863 499632 394819 428849 717887 141777 556320 432021 683812 140384 240346 212848 124561 485261 617551 562655 611166 63855 866563 446477 108325 316769 396912 604666 763736 835695 325420 16168 107668 938232 893200 451873 556399 602279 614705 425076 559320 95587 863585 766941 106122 125485 972781 85143 834927 128295 398006 863127 198870 638038 885120 461671 85592 105319 959008 431870 661591 312732 678962 504399 707923 477859 261335 64303 722039 121485 863364 151834 470699 760467 85672 868720 836902 819380 538576 543789 298914 645890 712071 625529 347253 763912 772069 176955 47729 263299 92757 618516 863527 479546 18004 849452 23632 317934 388045 578571 510505 779833 79573 600569 403113 304843 783346 622590 948414 954996 555228 380488 489422 563034 426204 587712 482831 362281 912015 76846 383804 365610 395085 380059 201783 803084 484767 545582 335290 950085 725623 615559 855525 257135 804598 419479 28974 753116 42159 150624 427669 877906 880262 863320 374322 504470 290399 939926 545478 370966 338738 251643 65195 931643 654881 543164 122569 110006 126517 509674 681298 467161 386381 728182 704959 500127 399256 787479 724856 457715 310363 748654 278084 606746 8474 334268 35232 954512 737374 622930 910665 706229 409780 292882 895335 371707 731581 754040 440700 265020 48656 21040 794827 973333 497359 622869 73790 864799 13240 760910 653380 589651 402576 416448 721005 787403 96213 56810 828747 747159 213068 524321 888759 97496 27883 167914 62892 778110 131885 526156 230115 730405 359265 512471 763765 386199 41045 815575 165111 586926 596398 302264 534732 353644 231192 760416 754984 674622 38933 467107 842177 545265 38604 196699 48893 626400 320242 164832 559066 763116 729330 532924 730184 258388 106946 477921 177137 345577 390261
35
202830 688450 737431 938914 569491 68600 759390 2150 28451 318941 751504 246617 323016 194808 862316 734418 158325 44331 89097 245975 377777 840232 224455 44946 825791 514933 650116 590329 734446 312083 220250 475868 644700 671463 122205
45
5013 6063 6856 9012 6238 4577 7422 2896 1856 4822 4178 6256 7260 9727 4288 1563 8976 6623 5807 4951 5549 3215 2583 817 1578 5042 975 5671 6463 9672 5149 4721 6527 6327 6992 2926 5128 31 6506 3451 3250 96 7372 7780 6985
5
5437 5427 6966 9821 15717
90
8503 5639 8128 2922 4374 3363 591 337 8645 3164 2868 8916 5937 6541 6086 769 9694 3380 1499 4518 5357 3743 1063 8624 7603 7181 1318 5392 1586 8178 9767 7195 6718 93 2842 5433 5531 4602 8236 4461 7595 270 1589 8329 3149 9146 8357 931 8597 3015 5787 718 1922 917 7121 2225 4712 2150 3643 4005 2239 865 7567 6048 2966 1215 5456 1244 3367 8508 5980 5982 5706 7313 4682 5917 9446 4215 6283 7886 187 3632 7723 9240 873 9532 753 467 9713 7414
63
1793 6948 4429 22 8078 5559 5673 1275 687 3407 9333 8968 3582 7901 3243 5876 842 9405 4810 9825 4480 6265 9861 9506 7523 7696 5656 4176 520 3678 6254 1783 2411 132 9183 6357 2246 3462 185 3894 653 5481 7318 8222 8460 2241 7781 2517 9714 1358 7813 251 7552 9426 8084 6625 1289 5087 8674 8447 3629 9329 3019
62
7418 6723 3588 8296 7750 9690 2603 8745 291 6392 4309 8114 8424 3905 2116 8009 4725 3556 8917 8556 8869 7908 7441 7674 589 9488 5338 335 7114 2739 5430 2686 543 8605 2007 8580 6371 3578 9971 124 3081 3266 2216 1908 7671 5859 4317 3393 3443 4818 8469 5326 7573 8547 6323 9132 669 1071 7225 301 2111 6394
24
400 2050 9298 9530 6760 5615 3342 996 1758 8264 2451 8997 5621 9380 6707 6082 3507 9282 1391 6740 4420 1172 320 6989
21
5176 2280 6310 6483 7967 721 2183 6837 8057 2686 3562 5148 4705 8417 9388 803 1790 1846 6843 3593 7773
51
3260 3029 477 1242 770 5638 6004 2181 2044 4797 7392 4881 2256 3685 1708 2259 3892 3580 5668 3466 9428 1297 5055 5968 3414 3654 493 5148 1634 8529 2546 7114 8078 7097 9732 2995 9366 1192 5197 9629 2641 799 3374 7922 8375 1018 2011 4971 8048 160 2148
73
3988 9742 648 3981 732 5070 7910 6702 9015 1339 4238 4974 5676 4348 8551 7681 8053 1579 5566 9093 20 9521 3648 1096 8137 2755 5885 9386 1354 6318 564 6254 1610 6983 3126 2259 9257 2669 1821 8678 7694 9063 9086 7422 8400 4557 1217 3071 7020 5042 6375 3277 4500 3736 2692 4809 3173 1356 6509 1559 586 7799 9111 2138 5808 9202 7756 7245 5874 5029 6762 6301 10972
13
133 8490 9623 8827 722 6462 356 2070 6070 4506 3147 5981 10727
3
7620 9369 2538
36
1149 3695 5793 6437 9877 3019 6707 3842 2530 8366 3664 9217 9080 9091 3716 7554 9735 8972 1883 5419 8584 7406 8294 2589 2755 715 9800 129 8955 3252 3907 3528 2115 8248 1547 5928
65
4327 9257 4231 7428 7117 4109 2243 5425 1701 9954 1362 9089 7466 9944 8005 2476 7943 4732 7202 1473 9106 3650 8262 9344 4840 7154 4058 6772 7426 6771 8602 8989 7344 8217 7800 9441 9365 1386 8230 8009 4318 9715 137 1957 3532 4778 9725 838 7832 5524 7029 8353 4290 7292 49 2475 9092 1587 2170 3559 9949 9466 5199 3468 15730
90
9452 3086 8410 2455 2543 4693 1120 8406 699 5275 6014 6142 4766 2563 9955 4028 6047 1710 8719 4360 610 5043 8628 5849 8453 2237 2224 2462 6003 825 8057 3321 3873 9503 876 3329 620 6304 1366 5333 1074 8058 5542 5558 33 7437 5824 1572 7077 4232 1664 3840 6127 973 6545 5834 8384 8074 515 4986 7477 3328 7868 6062 4510 7896 2601 9771 7528 6341 5051 3933 6507 4676 9110 4156 4230 5990 4226 9087 6393 468 3054 7495 7654 1794 7729 3003 8110 3208
80
5434 197 6668 6908 2020 3734 9854 3366 9565 1533 6555 6021 5032 4594 6415 6683 7964 1908 4994 5395 4018 2799 3103 1626 5827 5160 5538 9305 373 9114 8011 165 6543 5815 6777 3314 6774 3738 5811 8853 9435 4344 6252 855 4404 4119 5549 7260 9634 8158 6642 6 8342 4392 2070 946 2214 6698 9102 9250 2316 7632 9760 1579 619 7879 8048 5359 130 7240 6317 7094 2279 9006 7409 6895 6326 1294 6943 609
68
4113 3649 9137 8867 274 7761 3920 9059 9030 8350 1688 2333 157 2271 9911 7844 4650 1846 7255 6517 357 7758 2306 7246 6977 714 4280 7233 9871 1684 1360 5599 6958 8305 1433 3120 2922 243 1220 5008 6092 219 9221 4132 2069 3948 3449 3590 8184 1226 8497 7787 71 5626 5998 1179 9925 4362 887 9125 8372 4906 4338 6355 4190 3831 5918 8639
71
8625 1396 8168 2875 4386 1529 5164 7842 6235 2903 6691 8209 3454 6049 7357 9151 8888 6951 8070 224 6242 7967 9802 9518 3589 5262 929 5213 744 2818 9938 496 7126 7304 9615 8631 1465 8268 233 825 8246 7281 7317 8215 676 2324 6919 5200 5533 2171 7909 8356 8369 3617 195 977 9805 8744 8957 7940 4788 811 5533 1009 5226 9094 4067 3715 1495 3725 3842
3
287 9034 8789
48
4198 1657 6082 6483 6326 8454 1366 1274 2050 9688 4228 1269 5700 278 7269 6846 5647 4661 4129 6740 9826 6041 6319 2017 4645 7861 260 207 7461 6559 8294 2370 9768 9060 9710 5927 9400 6030 6395 5849 8511 1961 6787 84 1822 5024 4223 8139
38
2217 3992 7912 4164 9126 158 1551 1899 8123 5970 2694 6899 5417 7936 7101 4264 8090 9820 7901 6449 4744 6993 6286 9887 4746 2835 7755 3029 1995 7655 9849 8285 4536 7523 9538 917 4230 4358
12
4875 5323 3073 893 7658 569 5469 2372 6528 632 2098 6332
29
4340 3849 5388 7141 5787 2181 3731 5641 1843 4415 4642 8380 7759 3417 6706 5431 1610 9100 4289 7856 4675 9234 9482 3779 6549 3437 5040 3089 6995
18
1188 539 3510 2896 8593 9864 6627 6679 799 1831 8751 293 4525 6829 2562 8866 9933 7159
64
8832 2059 2019 4431 9927 7764 2360 1278 6607 9170 9796 4343 3908 2750 2089 8689 1146 9590 2338 2358 2317 1114 7508 3214 5760 4813 9798 3834 3793 4550 3686 9188 3726 86 3586 8950 3807 4277 8969 335 7467 3264 3896 3279 9583 8937 2882 9175 4179 8225 8778 7396 4622 1676 5421 6978 5344 8063 1580 2359 5400 712 398 12267
60
7951 7350 4728 9723 4262 3421 3894 5802 5218 2716 2067 4386 9164 8023 5439 853 9930 6657 3223 8229 2667 6736 4395 8740 1354 6880 8006 318 7633 2050 444 4917 6523 8097 5767 2438 3545 5428 711 9426 2057 8041 8566 510 6381 3713 2922 8897 1714 2268 90 9487 9316 3215 8090 2008 5606 7169 3104 6655
19
7803 8450 442 7860 7261 1628 534 9051 6523 2961 5509 8834 5759 3327 6284 595 4314 8573 3886
54
7106 9971 1755 142 5962 5875 9882 4862 3225 5731 681 9171 859 171 9323 2848 6923 6623 3489 9407 6071 8799 1849 6047 2759 2364 7488 2678 3200 427 2102 3323 1520 1618 4822 529 1486 1020 9099 5185 4106 5274 1937 1600 8390 7265 4684 1602 1790 4411 4244 3412 2634 1303
69
3067 3330 5306 3742 8675 9474 1654 24 8583 2760 7043 3210 1210 2426 485 3021 6583 5365 4632 5066 9535 30 9152 4453 543 4947 8623 6438 7642 1229 7901 6872 8132 6174 4494 8763 9899 6423 7865 1360 1647 6632 1566 5679 8445 1948 2226 9058 5982 7404 833 3846 7445 4782 8333 8340 5815 4910 2850 4503 4340 3200 1254 5752 8216 8022 8618 4272 3783
71
9607 580 8007 1940 1370 9488 6552 1857 6448 3863 4801 1779 6501 4025 1359 3700 36 294 2822 4114 6327 7672 622 3987 6042 6910 6883 1104 4440 1727 8148 3383 1411 4297 1166 5485 3806 6820 1299 8677 3151 7131 7817 7882 106 9017 5723 5243 348 7735 4891 816 3979 5846 2038 5200 900 4099 3254 5123 5203 2247 3247 7533 8748 4382 1258 1320 7095 4813 8402
21
1654 770 6699 638 629 6688 7602 2589 3186 5781 2062 5807 8195 8749 9980 8886 768 220 3118 7307 1599
63
8545 987 7443 9877 1947 6945 4332 794 3433 8143 7301 5975 124 9135 5542 893 5366 9169 5726 8687 5947 7073 8729 6570 7541 190 5456 9406 4036 2547 8733 7335 1423 2440 8757 1190 1671 6234 3358 3441 1208 4797 6292 9095 3823 5828 3478 6591 7444 1178 3136 8279 5091 6595 8767 736 7261 9061 7192 6373 3031 5877 9880
83
4109 7648 1534 9994 8762 4058 5701 4596 2587 2428 5213 8557 5653 1981 9374 6473 639 5476 8680 5672 3135 2003 1218 5018 9542 5629 7984 597 6048 1968 7278 8167 5677 5616 2701 4016 8992 6739 7087 3353 5304 3003 4360 509 1245 9720 6456 1273 6915 425 4902 7991 3000 8151 7794 807 3329 5989 8862 5162 6914 7817 2341 1518 8465 1041 2580 7112 3571 5896 8402 9642 2120 9859 505 8222 5581 3854 7094 8316 8959 102 6797
4
4174 8758 9742 5238
37
610 7375 9404 1809 585 6125 5607 6110 649 3909 6766 5022 4376 4889 4452 5629 500 7496 5647 8536 2114 6580 6141 4391 7113 3882 373 6203 98 8252 8889 5413 2990 8644 9007 8188 6184
36
7730 9380 8130 4089 2725 4795 4647 4960 8766 692 4076 7847 2268 3596 4428 1353 4982 8877 4988 7370 5619 7985 2739 9463 4317 6650 7962 872 3393 2331 6394 1151 9036 3612 240 10785
3
2450 569 2987
26
4738 1096 7430 5827 4786 2319 763 7850 9149 5148 243 6848 5725 8661 30 5744 3134 6574 8090 2279 9262 8275 9219 6669 980 2629
10
6145 3681 8893 2615 2357 3876 4824 4446 4826 10663
49
4576 5716 248 5716 9503 936 549 6441 7702 1729 4558 7739 7298 6332 2768 947 2306 4506 6667 2708 1011 7681 4811 1972 8749 9636 3214 8103 629 6103 3243 7917 5080 46 5191 2348 2154 5521 4657 9731 1127 1334 4051 4105 358 548 2047 283 6507
27
8930 4373 4121 8405 9027 1265 6210 5785 7117 9127 7001 6685 3121 4264 9204 148 3487 8175 295 7615 3627 3676 3682 3603 830 4627 13126
95
4588 5329 1868 3404 6171 249 7866 2784 4356 5344 8069 9963 3564 5597 316 951 794 1614 7150 8605 9382 6431 2651 2004 8305 8920 3091 8762 5465 6994 5085 7535 6874 838 8154 2886 7783 6940 2091 9575 7230 6845 7928 1126 32 278 4549 7589 9515 8989 1827 6955 7300 3399 2395 9842 8521 3885 5843 3263 9306 9435 2449 7538 4440 9182 9782 326 5238 682 6314 4521 2391 22 2429 300 3714 5365 661 5953 4111 6254 9131 4770 2041 516 8070 7091 6677 974 7301 3293 1041 3321 2830
51
3972 4423 1993 412 679 3663 1833 9126 8518 6076 4588 4834 3094 5528 3294 5973 5567 4089 8714 3791 3782 5452 2153 5632 693 1674 615 3797 886 9730 4587 7133 1731 2417 6236 8612 601 9347 5699 2457 2868 3586 4792 2691 7289 1264 943 9602 3116 184 13272
3
9588 3714 11254
83
4812 7311 1297 7672 1185 8393 3027 7887 7669 3516 5515 3731 5428 3710 3954 4493 5995 6860 8890 2961 273 4009 3592 1410 4288 6714 2050 2621 7011 4830 4094 6804 1401 5233 5755 5405 47 5141 6222 9730 7365 1061 5633 5929 1411 4508 2780 4413 435 6237 4915 5418 4156 7851 2202 7671 8787 3560 1882 4055 8044 3312 8072 4877 7374 2125 9177 194 2091 3987 6526 9827 7848 5253 9084 9278 6689 2882 4994 4994 7246 9020 8921
29
4991 1367 7157 6834 840 84 8965 7089 6891 5455 7154 573 2667 2576 4264 3398 3205 6286 7561 5840 3151 7319 7890 8772 3767 1769 8797 6332 9882
86
7011 108 8485 8113 6760 3340 7493 4870 5231 453 672 9896 3359 3857 4476 5199 9475 3051 3484 8868 3436 1600 8611 5914 4810 1989 7413 6341 6790 5622 3164 9073 2863 158 6061 8948 3767 4139 6313 1764 4558 8407 864 5449 2170 3793 9115 3114 8454 6431 2374 9199 641 8252 2281 874 2829 7406 2981 4548 6757 7501 8518 745 9802 5135 9922 7773 7329 7613 9433 1657 890 9282 9897 973 4690 1198 5487 1801 7421 6136 6634 5813 6646 6032
58
4047 4180 1547 2537 682 9282 9734 9047 6486 1418 4506 1706 3817 9319 7705 4508 7247 768 4551 2404 9440 6588 1679 217 4725 3000 313 2155 2625 3269 9109 7096 8846 3616 9809 6037 8635 5359 198 9842 5672 9863 6320 6228 556 7062 530 8880 2188 6653 8325 9451 8090 5623 6976 5978 7318 3642
40
8305 5266 6882 5661 8679 8403 6948 9476 726 4235 2517 4733 6703 6468 5453 2014 8 8663 4954 100 2857 9414 2974 8273 8148 7044 8873 2054 5486 3111 2288 431 8503 9953 6578 2360 8081 2118 684 2672
90
4567 8577 3591 8452 7201 9247 2752 7070 8506 130 2020 4474 3025 7739 9016 7107 1046 5566 8616 3365 63 5074 7629 5806 8487 1603 2093 8551 7059 8458 6785 7121 3700 430 1435 3372 1711 298 819 7523 1125 2041 8917 597 7213 648 4925 8315 6546 539 7990 6790 3526 3196 589 1952 4784 2257 7224 4356 7293 9611 4151 1540 7901 147 5323 273 6559 3145 8568 9280 238 8068 8202 6568 1958 2796 9354 539 8265 2783 4582 5128 988 1651 1073 7079 6642 13349
27
2060 2824 2369 2894 8165 5388 6889 6931 6991 9534 8529 6123 9481 3714 5950 4806 4816 3628 7757 5811 9710 8950 6592 3944 3956 6158 3012
10
1959 8868 463 6948 9786 1505 4271 1503 1498 3225
45
1305 9252 8382 9431 1614 5872 7773 1977 9152 613 4649 5435 5883 4115 2198 1264 7275 9501 7467 4751 4355 7314 7349 5219 1376 3431 8708 3095 3016 4103 2979 8571 6083 3481 3603 835 3871 1114 2398 1842 121 5379 6499 7487 2941
61
7713 7968 3895 3136 6717 667 7031 9257 9109 1664 1114 133 8276 7166 3348 3937 6288 7080 3614 7661 9347 6240 5840 912 5286 7069 8756 9947 9882 5880 8783 8525 962 8638 5939 3406 2559 6333 7624 9445 8608 7977 7648 7479 4446 6690 615 9749 4520 3749 551 614 4245 2141 524 4110 4440 4482 8304 535 8118
83
6132 2719 2601 1472 6730 6289 8548 1455 1401 4999 4969 8997 4825 6857 3593 5418 4397 766 5472 7348 4997 4015 890 8278 2870 9800 7572 6769 2136 8948 2707 5643 9680 850 218 9056 44 4984 8267 9964 1080 4342 5713 9376 8412 7367 1703 7872 9258 7588 8971 7528 3676 4252 5081 2499 860 940 103 6420 4072 4822 336 5102 1925 2570 1072 6112 8436 5139 9223 1871 9131 7095 9344 5396 6647 4271 2611 8099 3929 4909 921
31
8314 6791 7673 1399 761 2125 4403 3368 3865 437 8969 14 5210 7980 2381 5816 4737 4987 6004 4191 5180 6050 5965 7428 2180 8666 2965 172 4639 4954 8656
33
2589 8847 9190 8752 8445 8045 8775 1073 897 6861 1210 824 1172 7096 8704 5209 1449 1455 9519 5627 5611 8483 1390 4146 845 2700 3981 4777 3576 4187 3367 2095 86
63
5287 8705 1460 3178 6938 7170 9145 394 5533 5181 6346 9704 8327 8010 9601 7280 9360 997 4800 4347 5933 3629 8350 6635 9347 9447 999 1221 2691 6710 7360 5009 2076 1374 4164 119 5870 5498 1179 1150 8312 5908 7754 9445 7494 4637 1109 9263 4572 1158 7015 2192 7046 5773 1775 8708 517 7043 2334 645 3975 2794 8154
56
3775 5838 1943 6629 4751 5097 2278 9810 3391 2609 8234 6031 9932 2684 1776 4931 4193 223 1623 5123 8304 7686 896 8600 4070 2335 9442 5448 9765 7175 1738 7372 3607 1283 7485 2659 8288 4099 4625 5183 2176 2439 5683 6234 632 8154 6025 96 515 7108 9232 2098 6560 8971 6804 8286
79
9851 4960 8128 4330 9185 7583 2831 2449 9333 358 2161 3544 4637 9968 3621 1266 1783 1483 7171 3815 4495 9 6636 1064 6537 8907 3322 5496 259 1101 1638 6229 8756 113 6396 5095 1814 8711 2745 7991 3342 1712 8238 7709 413 4420 3301 1447 7075 8997 1443 7545 2405 4068 1817 3885 6830 4408 5071 5941 9574 5993 9450 4873 1783 97 7369 3955 3647 5614 8484 4516 4244 5068 3261 4853 4884 1600 3422
28
5375 7013 6366 5147 5745 8809 4046 4370 5078 604 3825 3740 9487 436 1415 9598 4737 6481 8458 9885 6493 8767 8141 9343 7598 2625 7456 14950
18
7775 4743 6150 6757 9989 603 6176 7436 8048 1734 4164 734 4710 8684 3798 3094 3122 6301
31
3699 9342 4630 4181 6427 2153 661 1272 4147 6182 6679 2609 4982 297 1216 4106 8712 4466 9721 3536 1142 7583 9213 7426 7249 7245 7158 9633 2600 9234 2090
43
5224 7829 6553 8876 1432 2616 2112 3710 7375 5574 8038 5562 9560 1170 2289 3637 2764 2672 999 2179 4863 4515 2770 518 7777 5234 9805 7131 7925 7890 7949 2816 7170 7196 2506 2111 9526 3116 2193 5615 3330 1084 963
61
1230 5776 2769 3030 6277 5312 9936 2940 1625 13 4182 6672 9110 364 6231 6209 878 6661 3164 2369 1210 9310 7365 8597 4620 3158 8124 6575 232 9805 9005 8556 9568 3101 9695 9737 4009 58 7481 6459 4367 7831 2983 8850 8525 4955 8298 8616 2337 635 7909 1683 4603 9294 3123 4108 9269 8974 5157 5172 10478
21
4982 6665 4153 1951 928 860 8726 2533 5468 1612 7198 164 8646 4132 3973 5894 3871 3485 6772 1693 2477
36
1844 361 8171 2546 7284 2601 5402 995 426 4329 8726 9176 1844 926 4424 6845 4937 1113 3046 3248 2647 896 7487 5956 3493 1803 822 9679 3501 6648 8939 7963 9028 2983 6267 1125
75
1600 1784 3654 476 9657 6005 2699 4858 4575 5130 8187 4512 2505 5271 2502 9397 5092 5789 4330 5797 6894 4781 5374 7717 8035 3927 2865 9819 1640 2737 6117 9918 4485 389 502 2299 1813 1250 1431 4199 7648 8062 1616 1534 755 6821 4072 4429 5576 4283 8750 3168 2241 9393 3578 8681 5107 7025 9033 2000 4072 4289 2150 2051 2740 1496 7459 3911 1221 5193 9112 1521 6590 6358 166
38
6688 799 9231 1444 1731 1045 2342 5378 4924 9355 4587 805 9590 4570 5926 7012 7271 9711 8218 9102 9542 825 1726 1015 5542 4963 4481 6398 3607 9528 2677 4257 2121 3911 7487 9389 3545 12255
72
5090 1100 7778 8092 2881 7566 4918 9336 4106 9829 1594 2934 5321 4033 1034 4849 2839 8683 767 7259 8398 5388 2906 1169 2366 9695 5423 2724 723 6646 8081 6998 1447 6184 2116 1071 761 3262 8098 493 9151 8799 2195 8445 9714 7365 7593 6278 824 1349 5140 7316 9772 5324 2164 3401 1780 4805 8081 7354 9998 4252 8487 8183 8768 3836 5085 2236 631 3315 8582 2053
79
519 9215 3176 1781 2835 9791 8308 1888 8689 6902 4213 2313 6335 8166 8078 7985 6866 5217 600 1126 3697 4112 5755 3848 4366 9773 8348 4024 6650 641 7875 3442 3719 9614 3665 746 4466 5047 2066 6006 8084 2311 2900 7718 1833 3648 850 7666 3639 1776 5691 9043 1074 7591 6098 2465 4707 4124 6884 125 8942 5004 1465 3044 5438 7157 6491 1231 6462 9107 4139 1434 5298 9477 4786 225 1925 2508 14807
28
603 7082 6610 9495 912 2151 8958 2187 7005 9743 8461 9957 7599 4539 2173 7423 4207 6361 8477 1384 2843 1116 6579 4787 3371 6596 2381 5052
79
2193 7353 6039 4878 6537 776 5325 9108 2221 8347 9783 5353 6294 9706 9926 4332 4638 4342 7440 8639 2959 5696 4070 9000 6912 6360 4546 5602 7905 6640 6056 184 497 4420 2925 744 3046 820 4227 3862 2393 8145 361 2788 5619 1857 744 3402 8758 7935 8619 7304 3498 8363 4980 931 8821 2034 8647 2306 3976 4085 7319 8115 1268 4342 7011 8291 6466 1090 2690 3246 8253 3041 7818 175 3041 8199 8732
94
7385 2587 605 6138 5664 1175 8393 567 1024 3165 7548 7397 5178 6994 5368 1480 391 9444 9306 7712 2172 6853 7510 7694 4900 3531 4612 5727 1293 2392 5431 9995 7934 4303 1522 103 6299 3414 9827 8144 6285 6555 5237 9647 1951 4167 6127 2685 2124 9777 122 2866 6029 2432 5607 6808 8322 3653 3971 6261 2803 1408 4756 1784 3083 8488 2388 4564 4083 2892 3814 5113 9716 5998 5127 9928 8547 8576 4045 1406 7529 7360 7910 4821 104 3653 9717 7765 6077 2773 6332 6375 1574 164
91
867 1087 4482 6351 7082 5518 3368 2556 8561 7858 9921 8255 121 2726 1366 3632 1028 2888 1320 7282 7559 8362 1846 2593 5384 4952 1821 4379 6815 2475 5238 6131 1992 9584 209 7631 5237 7159 6590 5752 2258 1332 647 4322 2583 1953 5750 3145 4603 2597 6026 5292 6149 9360 5273 3230 2673 6437 5958 6177 1137 4288 4207 3976 678 441 3217 6989 3590 7147 2395 5544 2946 4711 2209 6180 1523 3734 1045 251 5471 4534 371 1243 4763 4101 4054 3249 8799 7595 5806
56
6665 4361 6628 164 9098 7035 8584 5409 8443 438 3547 4352 2211 7925 739 3520 7394 8736 9782 5259 5244 9951 4804 8589 171 2597 5307 3739 4853 2296 4006 3129 2799 9010 9539 577 2319 5429 1336 1710 3606 1065 2850 1470 8106 4719 8083 144 8518 2595 8809 2218 8961 3205 161 6087
27
306 9379 377 5663 9968 5684 1036 1884 5638 1031 7098 7854 1991 9735 8855 9611 5777 6803 3786 2480 8843 3109 3474 2295 9740 5406 3327
81
2645 4991 2367 8342 8908 5400 3035 1669 3939 5659 1925 5980 2086 9274 3144 9935 6835 8104 8607 5375 6631 205 4069 2855 4468 8608 5997 1858 7479 2073 8885 8074 6417 7909 5418 5709 8631 179 3284 595 7048 7253 3691 4248 8787 4437 4379 9351 2557 1612 8411 3740 5786 5648 1359 5300 3656 6930 2503 4911 8337 9860 694 2468 2288 274 2230 980 7821 8421 2613 9412 1526 8584 277 7097 2499 4520 8488 2927 14395
55
599 8676 7382 1169 6996 8668 6077 587 5144 6219 4952 6544 4239 8842 4451 6572 609 1072 177 1969 9578 4480 2541 1050 9597 3666 2206 248 8705 6168 6629 6218 6721 1935 5246 6651 9459 1864 6548 5279 1095 5617 8130 2329 7731 8712 9813 1871 9464 9322 2150 7028 4042 6434 10679
82
4361 6944 507 9728 2164 5555 864 9934 2736 4772 2227 3301 9444 2432 1654 7072 6783 4615 4616 1833 9845 1884 1062 3294 9106 4939 221 2000 8260 7475 3081 9215 1645 2473 6194 4721 4026 4736 5492 2726 1576 5156 9443 680 7464 2834 9655 8940 9254 1845 6604 4928 3176 5796 1726 1135 360 416 1794 8489 3835 451 7020 5584 7907 6794 3748 4733 6997 1914 2772 3711 1953 9379 6305 8802 9787 9921 4564 1927 1670 5600
70
910 7539 9471 513 2209 4600 2432 346 6885 4084 7528 3216 35 1889 7845 3516 7750 1014 9256 9403 5237 1348 5833 1699 5436 3168 7273 7677 5197 3321 7934 1186 2701 163 9653 9662 436 5669 3073 3289 2033 1666 603 1687 5781 8513 4944 5136 579 7786 5555 2122 8782 5976 8823 346 653 6839 4082 8891 5258 1573 7229 2112 7445 9981 8789 8152 1322 5029
49
7424 7773 6246 8666 2694 9180 1865 178 7158 2965 5818 4615 6021 7907 854 3759 160 2057 6180 3112 1233 1693 4642 4235 510 7664 2660 2693 8582 6730 4332 9307 4763 7362 1640 7098 5603 7942 3722 3057 2980 2171 8144 3891 9967 9676 3056 9743 5583
77
520 410 7944 5152 1684 1887 6499 7389 3637 8390 2249 5252 1416 7382 5334 7517 6395 1298 8601 3238 3059 4568 753 24 668 7996 268 5608 5943 6082 5597 7953 9580 1013 9550 9402 3320 5603 268 7433 9195 7889 3039 6592 4722 8881 7362 7436 854 6703 9681 9316 5363 3983 3032 1413 3805 5808 1957 472 319 5020 4845 2342 6144 4033 3017 9938 7241 667 9252 8972 1131 6695 9984 3510 1130
43
4224 5449 3075 5573 1596 2772 5122 2720 4518 8462 9048 43 8761 8811 6475 5437 801 8848 5496 2241 6506 5312 4562 6783 8935 5692 1499 5094 1266 728 2746 9499 6354 5166 7182 6453 9730 8851 9175 1747 140 2347 301
30
9836 915 7087 6974 318 477 1148 3416 2629 5412 1924 9984 5778 803 8546 875 6106 4878 1005 6396 5083 1841 6500 3732 2514 7077 2467 1744 7849 15238
90
8234 6314 9630 7514 3106 6566 1593 9659 4333 1324 8123 697 1077 833 9169 3928 2240 2977 1061 8357 3296 2907 1221 8144 5712 9129 7574 4245 6896 6083 7154 914 6337 4996 147 1149 9471 4510 2418 4677 4934 5943 524 2134 7493 2676 7612 5276 7981 2744 8531 6158 118 8816 6842 1962 1670 9336 9632 4637 9937 2288 1677 2956 7873 1982 5215 779 1537 2595 3045 3013 5796 482 9140 9875 6323 1893 5859 2496 3689 3312 2985 3576 3197 5669 7303 2381 173 3242
95
2682 5541 921 4933 9335 8280 8249 2462 6013 4322 894 3502 1084 9190 7946 5580 7754 4298 4351 385 2342 7259 6055 7714 428 9973 5424 7342 9380 8369 2632 8806 1120 6010 5102 2063 2186 7295 549 6792 9520 3537 163 8641 8292 9189 1064 866 8262 8951 4176 4274 5052 6737 9949 2282 8064 6229 3302 1913 2486 7832 1623 7695 7755 4832 8628 4211 9539 7185 206 1454 1740 3588 6168 2276 7960 691 1206 2797 8403 6268 7718 4648 3392 9414 9972 732 6652 9952 7989 2198 916 4718 8876
