100
5
1 2 3 4 5
3
3 5 6
2
5 6
2
5 5
15
818863 664937 722289 626115 652004 758166 399940 283484 139334 754850 836222 59258 663185 170908 654835
15
746129 880666 609574 454719 118729 266415 111656 270912 722181 28883 749904 350035 374387 93811 341391
12
86251 490135 32165 422709 581195 573625 685955 651102 835738 372207 305770 682228
15
443269 710288 890267 54317 453029 434556 354577 404522 742443 682406 524634 987857 974534 516959 871134
11
347280 423712 124666 149585 25849 64719 917612 72533 597478 909380 781238
11
884520 612826 511858 192030 963651 642106 243771 114384 268411 793688 818479
9
644158 541958 434550 319981 753166 762978 671477 878456 283202
6
770743 472425 548472 298295 428809 627510
3
282010 351929 215823
12
461057 561242 119869 247482 523215 425413 725374 57529 425791 176905 202959 10472
15
5972 4012 2582 4991 5181 1978 6616 9881 3795 3067 4466 5446 7230 2916 15121
10
1193 1249 7152 3036 4115 2495 5671 9826 2180 4989
11
6563 3117 7026 9109 5473 9529 7931 2565 2575 6254 7086
5
2984 9821 5009 5524 11248
7
7042 9517 4584 6785 9241 688 4975
9
9063 2335 8695 8459 8912 6171 9908 8963 278
9
700 2567 4186 855 8999 9923 1020 9870 15136
3
8039 2333 5754
8
4444 1799 7165 4874 8069 1610 3402 2601
6
1651 3260 3843 134 1129 291
11
9990 4622 7391 5386 8827 7155 862 7438 7518 2836 3407
15
1885 9579 6981 9623 9108 8561 984 5275 4946 8379 5376 5706 1135 8902 1753
11
587 6548 9218 9856 1043 4042 8998 6664 4274 8976 6152
4
923 951 7144 7108
14
3225 8848 9709 3386 6721 6364 6886 9417 3203 4531 1424 59 313 9166
6
8978 8667 1365 5573 4582 959
6
6279 4250 7373 8547 1427 12320
8
4777 761 4772 8987 8308 2201 1543 3845
8
2039 3461 6848 453 6605 7608 1458 4272
7
6396 6721 9464 1240 2995 254 5789
5
3750 6061 4711 4822 6586
11
5756 4035 938 3569 5703 9113 8297 5178 7204 3131 1654
9
6048 315 6241 8870 6772 7771 8891 3600 3183
4
8630 68 9549 7806
14
7494 8247 5659 406 7368 6360 9759 4333 9217 8451 6584 1056 6574 6442
8
2420 121 2495 6288 6212 9378 5331 12311
8
7670 154 5858 4596 919 2851 8402 12828
9
9921 3520 5856 5242 8280 3537 7356 6625 4752
3
3716 1416 2828
9
6987 3089 8689 1777 239 7763 2169 5299 12844
9
3327 3266 5591 5701 7855 3876 4028 4796 3876
11
8340 8661 1959 5746 7251 5954 521 1283 7795 7649 536
11
9620 5338 3078 876 8538 7380 8958 5490 1829 4326 3522
5
3576 9813 2439 7977 15619
5
3350 8423 822 3996 8182
15
8543 7419 9518 3382 7303 8604 9885 7790 2425 341 3276 1850 7764 2005 2575
3
7011 4661 2390
3
6342 4557 2315
11
7110 2187 5356 2605 3315 2219 6169 442 6534 2438 119
5
5309 5889 5850 1271 4497
4
1515 5684 9795 13724
8
4745 2959 5390 2535 5869 6799 6465 4300
4
3876 6439 7366 2757
3
6843 7344 1547
14
9855 7303 1175 6424 983 4245 2956 6284 4800 417 4914 9105 644 7171
3
5621 6022 2382
14
8454 9112 5688 2412 1512 3672 4957 7962 9711 7429 9856 2662 7416 2165
11
6850 2899 4868 1830 7392 9676 1766 3047 5749 9905 346
8
3060 9746 7275 9487 2706 3253 6292 9930
6
7806 6137 7028 9983 5435 8503
14
8417 5123 1390 3559 8335 9794 2745 551 8648 6690 1947 7611 9681 13859
3
1270 2659 3733
10
2930 7417 6203 1230 5345 6568 1649 1330 6378 8381
4
9240 348 7773 15129
5
6571 7114 7452 8821 1569
5
8637 1080 5263 8239 4389
5
4042 242 4779 9182 15949
4
9974 3424 3053 8315
11
8463 1017 7658 8289 4784 5867 5702 3157 262 9832 9819
13
9556 2221 779 7940 2731 5609 3318 5373 6722 2715 8259 8597 10160
8
6986 5750 111 8686 2200 8647 1420 110
7
8056 605 1842 8065 9712 3433 11535
8
7636 4229 228 2477 6797 647 7367 213
11
2960 5776 6054 8247 6985 7143 9408 2234 2551 3408 738
14
2372 5891 5992 9265 3960 8404 3330 4541 9949 5905 3792 5356 9661 4160
12
5045 1356 4923 3767 7336 3618 1450 2006 7374 6374 108 8135
3
5103 6411 4247
11
5233 4007 3869 1170 6055 46 9546 2580 8609 3895 1560
9
5370 7128 1855 9019 8613 669 5417 7591 144
3
1693 2095 3762
2
9567 3973
14
1468 3838 6042 2065 6029 2429 574 6242 2648 3835 3542 8028 2040 436
3
1232 9289 8345
14
5085 4790 5710 137 6582 4879 4145 4607 4590 6521 8006 3571 805 5818
10
1460 4214 9813 7169 7995 7853 3294 1700 5687 2145
8
3266 8035 4143 80 1363 4999 3203 6537
2
7363 5286
3
5228 8008 2852
11
3303 2572 6750 5962 3955 3100 9866 9692 9258 5289 15173
7
9429 8115 3249 1928 8392 4631 640
4
4220 932 5244 1956
2
4864 6559
3
5203 2264 7307
7
3006 8828 9008 1037 7406 1941 5508
2
9745 9808
10
6734 9152 9405 5251 1691 6217 7335 7710 7415 4005
