100
3 1 5 15 13 11
3 0 8 23 22 21
1 1 5 25
2 0 3 6 1
1 0 5 12
2 2 0 8 23
3 0 6 23 14 26
1 0 10 27
1 1 4 3
2 0 5 11 12
3 0 9 24 29 24
1 1 10 22
3 1 5 9 8 6
3 0 9 24 24 13
2 0 1 4 23
2 0 0 30 30
1 0 5 7
3 0 1 1 29 5
1 1 9 12
3 0 9 22 19 28
3 1 1 22 2 12
1 0 0 27
3 2 1 23 0 23
3 0 10 26 26 26
2 0 2 13 19
1 0 9 5
3 1 2 22 30 30
3 0 6 0 11 11
2 0 7 18 17
1 0 4 8
2 2 9 27 21
3 0 10 7 9 0
2 0 5 14 27
1 1 10 9
2 2 6 15 26
2 2 0 9 5
3 3 10 10 24 7
2 1 10 21 7
1 0 5 11
1 0 6 14
2 0 9 28 19
1 1 9 8
1 0 8 21
1 0 9 24
1 0 1 1
1 1 0 17
3 3 10 4 17 2
1 0 2 23
2 0 10 30 30
1 0 2 2
3 0 6 2 6 28
2 0 2 25 24
1 0 1 0
1 0 6 0
1 0 9 23
2 2 10 7 15
1 0 7 23
1 0 7 6
1 1 3 22
1 0 10 27
3 0 6 23 25 6
1 0 0 8
2 2 7 21 20
3 0 10 14 19 12
2 0 10 27 26
3 1 2 15 3 2
3 1 9 24 12 24
1 0 9 23
3 0 7 29 20 5
1 0 7 15
2 2 9 20 12
2 1 6 14 15
1 1 4 16
1 0 4 8
1 0 2 30
1 0 0 0
3 0 8 30 20 4
1 0 2 11
3 3 2 28 10 26
2 0 7 28 26
1 1 2 12
1 0 10 27
1 1 1 21
1 1 6 17
2 0 4 21 17
2 2 5 2 8
2 2 5 26 9
1 0 7 18
3 2 0 12 12 25
3 3 0 7 5 20
1 0 4 8
1 0 2 2
3 0 5 12 11 6
2 0 10 30 30
3 0 10 17 4 18
3 0 2 11 26 10
3 2 8 20 14 7
2 0 10 26 27
3 1 2 24 4 6
1 1 8 5
