100
3 1 5 15 13 11
3 0 8 23 22 21
1 0 4 9
2 2 1 4 5
3 0 6 3 12 14
3 2 2 3 3 3
1 0 7 18
2 0 10 27 29
2 0 1 0 0
1 0 0 0
1 1 3 13
2 1 4 17 11
3 3 3 27 11 6
1 0 8 2
1 1 8 17
3 0 8 11 20 28
3 2 6 16 11 14
1 1 2 21
2 0 10 26 0
2 0 4 15 7
1 0 3 26
3 1 7 1 3 28
1 0 2 3
3 0 7 15 3 2
1 0 10 2
1 1 8 22
3 1 1 10 1 11
2 1 1 17 0
2 1 6 14 14
1 0 6 15
3 3 4 18 25 7
1 0 0 13
3 0 9 10 27 21
2 0 9 8 24
3 1 2 3 3 2
3 2 0 16 9 27
2 1 4 19 6
2 1 1 27 9
3 0 2 7 28 10
2 1 6 18 27
3 3 7 10 7 27
1 0 6 14
3 0 7 29 25 24
1 0 5 12
2 0 10 30 30
1 0 9 23
3 3 6 8 9 10
2 0 2 2 30
2 0 3 12 3
2 2 1 4 24
2 0 5 20 12
3 0 2 28 2 13
2 1 3 5 5
3 0 10 26 23 7
3 3 2 5 23 10
1 0 2 2
1 1 7 25
3 2 2 1 3 26
3 3 1 25 14 16
2 0 5 16 29
3 2 10 18 22 0
3 0 8 21 16 29
1 1 5 27
3 2 10 0 18 26
1 0 4 8
1 0 0 30
1 0 0 3
3 1 7 29 18 17
2 2 1 2 18
3 2 9 9 5 29
3 3 1 26 7 12
3 0 2 9 1 2
1 1 6 10
1 1 2 6
2 0 4 9 30
3 3 6 20 3 25
1 0 1 0
1 0 4 8
3 0 5 9 29 12
3 2 9 20 17 20
3 3 7 8 14 20
2 1 9 20 16
2 0 9 0 24
1 0 10 26
2 1 8 29 16
1 1 3 22
3 3 4 5 13 13
1 1 7 20
2 1 9 24 24
3 3 2 4 21 28
3 0 2 3 2 28
3 0 8 27 7 11
2 1 1 13 1
2 0 3 6 16
2 1 2 2 2
1 1 7 4
2 1 0 24 20
2 1 1 13 29
3 3 9 26 21 11
3 1 9 30 4 7
