40
3 2 100
3 5 7
4 8 16
1 20 5 2
5 642 3552
9457 1403 8599 7537 1485
3 2 50
3 5 75
51 321 640
64 64 1920 1920 64 1920 64 1920 1920 1920 1920 1920 64 64 1920 64 1920 1920 1920 1920 64 64 64 1920 1920 1920 1920 1920 1920 1920 1920 64 1920 64 64 64 1920 64 64 1920 1920 64 64 64 64 64 64 64 1920 64 64
5 2216 5285
6925 1281 9987 8472 4727
5 2769 5438
7454 4234 2593 8686 1923
13 1 10000
6733 1925 6032 3421 2433 679 8672 8540 9113 8155 1937 5265 839
7 5 10000
9714 9978 9726 9762 9678 9822 9942
5 2191 9381
7628 5274 1666 6404 3490
5 9582 9905
2479 1373 937 5332 4066
5 2981 7829
970 9362 3161 9664 6609
5 7783 8591
704 4408 3134 3278 1987
5 7863 9557
1111 5724 3427 7959 5848
2 5001 10000
2500 5000
100 1 10000
8251 9711 7533 9163 297 4011 5063 8 8144 2872 5684 6405 5310 1251 1861 5963 9955 3275 827 16 5039 1305 4436 8075 5027 5227 7926 6472 3435 2019 8583 7606 5430 9388 1731 839 9168 1144 7672 1219 4047 4993 7849 7009 4965 2224 1355 83 2238 3093 8055 5243 9400 714 6304 9185 1358 6659 1848 7996 3814 5720 7903 5472 6617 3972 8743 6331 2336 7634 2524 8067 3082 5376 5009 9043 9867 6280 5438 5792 8015 2248 3109 4894 5546 2761 8394 6656 5886 8408 1133 4655 5729 5248 6978 8312 2360 7333 5516 6849
5 9322 9558
1083 5514 5817 8109 9946
19 2 10000
1 1 8633 1 1 8633 8633 1 8633 1 8633 8633 8633 8633 8633 1 1 8633 1
100 2 10000
4977 5135 3950 2054 158 7900 1738 5293 3002 1975 1185 5688 2844 7505 1659 7663 5925 5056 2449 4424 1106 6794 4819 316 3476 2291 5609 553 1422 3634 2607 7110 869 2133 6241 1027 4266 5451 790 7347 7584 6557 1343 2686 5372 6952 6715 4187 7268 3318 6399 4898 3871 7979 6083 3792 4661 3239 1264 6320 1501 4503 7031 6004 5530 7426 5846 1580 4582 3081 3397 5214 6873 4345 474 4740 2370 3160 7742 2923 4029 948 3713 4108 1817 3555 6162 7189 5767 2528 2765 6636 237 395 2212 711 632 7821 6478 1896
10 61 119
4680 20 8280 5040 4 5 9720 6 2520 30
50 2 10000
560 2520 720 1260 12 9 336 10 1680 840 45 5 504 1008 4 5040 105 56 120 18 3 21 144 30 84 210 180 14 630 80 72 28 16 60 15 7 315 360 36 252 35 168 140 90 20 70 1 6 420 240
5 9235 9825
7239 5140 3893 6786 1285
5 6682 8156
2814 9450 6453 9421 189
10 2 10000
15 11 5 7 3 10 2310 1 2 6
5 570 6000
9142 5596 8282 8312 6616
10 8321 9985
208 32 832 16 26 52 416 64 104 128
5 9575 9840
854 170 1948 9786 4233
5 6871 8162
6237 1146 7494 9411 7004
5 2294 4009
8117 2606 3243 4130 8914
5 6702 8155
3321 8341 3437 2141 259
51 2966 5929
2965 2965 2965 5930 5930 2965 5930 2965 5930 5930 5930 5930 5930 5930 2965 5930 5930 2965 5930 2965 2965 2965 2965 5930 5930 2965 5930 5930 5930 5930 5930 2965 2965 5930 2965 2965 5930 5930 5930 5930 2965 2965 2965 5930 2965 5930 2965 2965 2965 2965 2965
6 2 10000
9973 9941 9949 9929 9931 9967
5 603 6056
7494 3160 8520 7903 5861
5 4592 6426
4505 7151 2797 3334 8807
5 8926 9404
439 8806 747 3972 9108
100 15 42
1512 840 7140 546 2730 1386 7644 7938 2982 1134 2394 9954 6384 8526 504 8064 1092 5376 2814 3192 4620 6594 3402 6006 8400 4872 2646 4704 756 1974 5964 2478 3780 4956 4074 2604 6468 462 8148 3150 3990 4536 5208 9870 9576 8946 7476 7392 6258 3108 4998 1176 1050 4830 4242 1554 6888 966 5250 588 714 1302 9240 4200 9492 4410 5586 5544 1218 2142 7350 6846 8442 2436 3696 1596 3486 7308 6300 1890 2562 8232 3066 882 9114 5082 5334 3948 5670 5712 1764 6720 6174 4914 8736 3864 4662 9282 3444 4578
4 2 10000
4 3 17 49
10 61 119
15 40 20 7920 10 3600 5040 4320 9360 60
5 3194 5590
4521 8736 5566 701 5739
10 2 10000
15 30 11 2 1 10 3 7 6 5
