100
490.84885 1.36613 1935.65167
92.63 3.80764 1634.76
6.98095 3.29697 1819.12629
415.00000 1.00000 464.00000
497.72626 1.27309 1908.74186
490.12907 1.31611 1940.79023
490.83660 1.0 1.00000
83.0 2.0 1895.0
473.0 1.54 1429.9945
494.47336 1.10656 1960.11191
497.68102 1.26229 1993.59805
262.00000 1.00000 292.00000
494.85489 1.34786 1966.78259
383.97284 2.12216 24.99612
493.58187 1.49510 1914.98195
43.72720 1.70342 53.32910
263.86 3.0 2000.0000
497.95758 1.23229 1945.85388
498.63510 1.31229 1951.70614
490.19728 1.36171 1980.68951
270.49186 2.66140 1261.83585
498.95802 1.24130 1903.10431
216.6 1.0 523.88056
493.75690 1.23982 1957.24723
85.0 1.0 1128.0
183.41896 1.15063 384.48802
19.00000 2.00000 38.00000
70.2859 4.000 768.33
265.4 2.82547 1785.21277
337.35575 3.93518 121.02335
352.98149 2.95580 1163.17889
427.17908 3.59177 1989.72928
238.07164 1.78269 803.26484
268.46085 2.94746 996.51744
288.0 3.0 1292.0
13.09 3.443 392.1
362.09078 3.52465 630.73685
495.99041 1.09562 1983.76630
494.43573 1.43105 1950.33132
497.87278 1.42360 1930.98928
471.0 2.99 435.4
145.0 3.0 692.0
498.64546 1.45178 1938.39483
491.10618 1.41234 1937.72221
490.65738 1.06655 1947.42631
1.06019 3.01824 1999.91635
497.82175 1.31970 1914.92357
488.0 4.0 63.0
494.94024 1.44626 1909.88364
60.3 2.9 103.42
1.01142 3.94492 1999.75072
2.16569 3.99112 3.28301
492.73850 1.01443 1911.16677
492.90221 1.47606 1984.72363
89.0 2.0 795.0
391.73932 1.00 762.9520
369.3 2.825 95.51402
496.35571 1.04382 1933.52609
492.74384 1.40686 1915.26376
161.8744 3.0 1719.30665
497.16729 1.47763 1950.43569
161.00000 2.00000 322.00000
498.75886 1.34758 1922.71483
281.30865 3.52099 85.52063
495.03787 1.18600 1963.69485
363.00000 2.00000 726.00000
249.21023 2.595 640.0
464.33369 3.78306 68.31892
500.0000 3.0 1956.7953
494.02377 1.08925 1996.25649
497.84651 1.26149 1975.35429
227.00000 2.00000 454.00000
306.34537 1.22653 737.82564
497.08922 1.45772 1987.85125
407.71428 2.08938 753.12100
210.4 1.949 600.7
185.0 4.0 1096.0
1.06146 3.58571 1999.65003
315.0 1.0 603.0
77.78981 1.33912 454.37650
380.00000 4.00000 396.00000
421.0 4.0 1449.0
66.0 4.0 426.0
83.43530 1.09882 181.63642
494.25158 1.34525 1935.96690
20.63522 2.70441 1119.47326
490.36693 1.14813 1994.67043
375.0 2.0 1041.0
30.6 1.8 1901.00227
332.82770 3.62333 1371.02207
493.62945 1.01257 1911.81180
306.0 3.0 1621.0
490.71756 1.13384 1909.16093
172.29191 2.80208 70.45122
497.37636 1.31286 1989.16253
204.0 4.0 1080.0
93.0 2.9072 1749.0
1.00000 1.0 853.0
440.00000 3.00000 454.00000
1.01663 3.99763 1999.44865
