50
3 2
0 1
3 2
6 1
2 2
0 3
1 1
20 5
-100000 6
-70021 9
-55820 10
-50623 2
-46473 3
-45576 3
-40710 4
-37157 5
-29116 10
-13330 9
583 4
10559 4
13680 4
20576 6
27648 3
30795 3
55321 6
74159 2
88869 5
100000 2
17 3
-39 9
-37 7
-34 4
-32 5
-18 4
-15 6
-13 1
-11 7
-2 9
12 6
15 1
24 4
27 7
32 9
33 3
38 6
40 10
13 3
-36 6
-22 1
-14 13
-13 5
-9 12
0 11
12 4
13 4
14 7
16 11
25 12
26 6
34 8
11 5
-53182 6
-53171 12
-53145 10
-53119 16
-53105 11
-53090 16
-53088 12
-53067 4
34942 2
34947 4
34962 2
20 3
-88151 1
-82573 1
-60631 3
-58996 1
-49623 1
-20166 2
-11444 2
-11442 4
9381 2
25332 2
29406 2
42834 4
64131 4
70096 4
81613 3
81754 4
84780 3
87072 1
89831 3
90199 5
20 5
-100000 6
-98206 2
-85278 6
-45791 4
-25956 4
-17046 9
-12284 2
-1963 4
-1749 2
-1470 4
6865 6
23830 7
44601 5
61589 8
62718 9
70033 3
85846 4
87484 7
89680 4
100000 4
20 5
-100000 4
-79592 6
-79257 2
-56199 8
-44088 2
-27902 8
-21733 3
-1757 10
1966 8
2589 7
11796 6
15151 5
16673 6
17152 1
22793 3
27067 3
52385 7
72191 5
84469 2
100000 4
12 2
-14 12
-13 7
-11 1
-9 5
3 12
4 8
8 16
12 9
13 8
17 5
19 5
23 12
20 5
-100000 3
-95135 2
-81664 1
-64008 9
-53905 4
-48197 5
-43183 3
-30576 5
-10432 3
24845 5
39768 7
45745 10
49500 3
53504 6
54809 4
58770 4
60371 7
61155 5
66406 8
100000 6
20 2
-80953 5
-78769 1
-69279 4
-68939 4
-66892 4
-64144 5
-64141 4
-42510 4
-37915 1
-35631 2
-25768 4
-7292 3
-5531 2
-525 4
13816 3
59029 1
68025 1
72742 2
77024 4
94286 1
7 1
-12236 7
-12222 17
-12201 14
-12199 18
37884 21
37905 10
37906 9
14 5
-65241 13
-61479 4
-60409 1
-48057 6
-39964 5
-35042 12
-7483 4
-2116 9
25852 7
31269 9
42769 8
49910 5
71801 12
96570 4
15 5
4213 13
4220 6
4224 12
4234 6
4240 6
4248 2
4251 8
4252 7
4259 6
4261 8
4265 3
4271 7
4281 3
4291 4
4300 9
20 5
-100000 2
-99179 7
-98898 5
-97348 5
-76071 2
-60699 2
-56924 6
-34503 3
-9718 4
-2164 2
7191 10
23130 2
24740 2
30139 4
44326 9
53189 10
61413 7
78971 4
82452 7
100000 7
20 3
-99933 5
-95432 1
-73333 5
-66637 5
-49268 4
-42586 1
-40844 5
-26804 3
-6660 2
-4623 3
-4622 3
334 2
14230 5
22051 5
65260 2
79009 4
79319 2
85370 4
85827 2
93170 4
20 5
-100000 2
-75840 2
-68083 7
-67474 2
-52225 7
-46463 5
-37014 5
-30501 10
-19293 4
-3834 10
-2656 7
16970 3
27995 1
29755 7
67567 7
69757 2
71141 6
71588 4
85688 7
100000 2
12 2
-80738 8
-76157 12
-60438 13
-25078 7
-16385 4
16797 7
20777 15
28282 9
35397 6
40394 10
75919 8
95461 1
5 5
-62043 30
57112 10
84428 28
97661 4
99301 25
20 5
-100000 2
-63492 8
-50506 5
-36585 4
-33548 8
-24278 9
-21687 2
-13087 5
-9214 3
-6792 3
-1047 3
5288 3
15534 7
16797 3
19748 5
21617 7
35665 1
36658 9
53540 8
100000 5
15 3
-32000 13
-31999 3
-31989 9
-31988 9
-31979 7
-31973 2
-31972 3
-31970 13
-31964 10
-31960 6
-31959 6
-31951 8
-31941 7
-31938 1
-31933 1
20 5
-68288 4
-56349 4
-56346 5
-53419 1
-46581 3
-20108 3
-17618 4
17195 3
23243 4
36225 1
44426 3
49051 5
55084 5
55686 2
62513 3
70247 3
77886 2
85295 2
86353 3
97353 4
6 5
-99545 19
-67012 11
-12132 12
46157 20
65467 33
81341 2
1 5
12551 1
11 3
-55346 6
-55325 4
-55297 3
-55271 12
-55268 2
-55245 5
-55233 4
79565 29
79580 13
79595 7
79597 11
20 5
-100000 7
-88618 9
-66422 2
-63252 1
-28366 2
-21296 2
-20607 10
-15118 2
-13923 5
5834 1
20190 4
26886 10
41002 8
43320 8
56602 6
83268 8
87722 3
91599 5
95478 4
100000 3
15 2
-30 10
-29 6
-16 3
-4 7
-2 9
7 11
8 2
16 3
17 1
19 7
23 5
24 11
25 11
27 4
28 7
20 4
-100000 2
-95667 7
-89838 5
-85439 3
-73110 1
-64893 6
-51675 9
-50600 10
-36811 4
-35307 4
-34199 3
-33693 5
-30507 2
-23414 5
-17765 2
-5535 3
2092 7
28118 7
69732 6
100000 9
18 1
-17 11
-15 9
-13 6
-11 5
-8 3
-6 2
-4 2
1 5
2 3
3 4
7 8
8 6
9 4
10 2
12 3
13 8
14 10
16 9
20 5
-90293 2
-71682 1
-70617 4
-70610 5
-54559 1
-36509 1
-15762 5
-6507 5
-83 1
616 3
2529 1
14323 3
14375 5
21866 5
58124 1
64131 2
67946 2
76435 1
77196 5
90552 5
1 5
-14481 52
20 4
-74961 4
-56910 1
-41888 5
-41872 5
-36459 4
-33037 3
-28884 1
-27299 1
-17137 5
2123 4
26773 1
26920 2
45202 2
50203 4
69201 3
73999 4
76474 1
80104 4
94099 1
99771 3
2 3
-57857 1
249 1
14 2
-68084 7
-48106 7
-44784 15
-36191 1
-31111 8
-28230 8
-23933 4
-12869 6
5191 2
48907 4
49622 14
63300 8
76561 11
86783 3
8 5
-33 12
-32 11
-24 23
-16 10
-13 6
12 15
26 21
35 1
1 2
-1 93
1 5
-95410 100
20 5
-97958 2
-94654 4
-81852 5
-81847 3
-79657 1
-76976 2
-67347 4
-33092 3
-20504 4
-18795 2
-14565 2
-491 4
36825 1
45405 1
66753 1
72019 5
72233 3
74807 2
75951 5
94603 5
3 2
75367 42
75375 53
75384 3
20 5
-92146 3
-85980 4
-70219 2
-57812 5
-55133 2
-29294 4
-21584 3
-7774 5
-7756 5
-4749 4
1329 2
9664 2
32932 1
55921 5
59273 4
63989 5
64403 1
80838 1
84928 2
88448 1
7 3
-62938 8
-41331 16
-20265 18
6843 20
53791 7
73526 5
80751 24
18 3
-41498 9
-41476 10
-41466 3
-41448 16
-41425 2
25122 3
25146 8
25162 7
25174 7
25181 7
25185 1
25215 2
25238 1
25243 3
25267 2
25281 9
25292 4
25315 3
16 5
-99017 8
-89582 9
-87777 3
-81910 11
-67995 12
-43363 8
-35510 2
-33764 3
-30351 2
-17669 9
14530 3
19794 8
23800 5
39822 5
43961 9
98197 3
20 5
-100000 2
-96181 8
-81267 7
-74359 1
-63710 2
-61075 4
-60444 9
-59668 5
-51439 6
-36725 3
-26710 4
-14122 4
694 2
21647 4
26944 7
80514 8
82861 6
91408 3
97704 5
100000 10
20 2
-98284 4
-90315 5
-84794 2
-74583 3
-71486 4
-55271 3
-46493 3
-21190 5
-16194 1
-6863 5
13946 5
23870 3
45675 4
71736 4
84510 4
88170 4
91841 4
96583 3
96584 3
99826 1
20 3
-100000 8
-88225 9
-80265 7
-70055 6
-56408 2
-51463 2
15753 2
23438 8
28014 4
30292 9
36860 4
37144 5
48464 2
56054 3
59475 3
67380 7
73884 2
82070 6
84387 3
100000 8
20 5
-97336 3
-57837 1
-56380 4
-41149 1
-20281 3
-14808 4
-9160 2
22098 4
26262 3
30518 5
30527 5
45992 3
48630 3
54906 2
57110 3
61178 5
64365 2
81352 4
82749 1
93800 5
1 3
56932 65
3 1
-74953 40
-33702 13
-22660 38
