100
3 8
5 6 9 4 8 2 1 7
3 1
2
3 10
2 4 8 16 32 64 100 100 100 100
3 10
1 4 4 4 4 4 4 4 4 4
100 1
100
3 5
11 20 60 22 100
2 10
100 100 100 100 100 100 100 100 100 100
3 5
100 100 100 100 100
3 4
1 6 12 49
2 6
9 64 19 16 81 80
1 10
100 100 100 100 100 100 100 100 100 100
1 10
1 1 1 1 1 1 1 1 1 1
20 9
3 1 51 18 92 93 86 1 93
10 9
7 42 2 27 31 1 86 40 2
23 4
86 37 49 19
1 2
90 5
12 8
1 34 92 1 21 22 2 42
9 1
58
6 4
24 86 23 8
2 1
78
25 4
96 64 38 1
21 4
49 6 62 1
6 2
26 24
1 4
4 94 73 55
1 4
6 1 7 9
4 4
1 4 51 1
1 9
7 94 32 19 38 79 63 1 64
2 4
1 45 70 36
1 8
35 8 1 85 20 13 81 77
6 2
47 2
1 6
68 29 77 24 50 12
13 4
55 39 1 2
21 7
41 1 2 74 94 62 79
14 9
3 13 83 97 65 7 99 12 2
25 3
3 2 19
1 3
1 73 51
15 5
1 1 98 39 12
5 2
19 7
2 6
1 1 8 90 31 1
7 5
67 16 59 11 9
23 3
22 2 43
17 6
4 71 94 3 14 76
6 8
53 1 63 46 98 71 3 17
4 8
19 76 85 4 14 43 45 91
1 4
16 66 7 76
5 5
78 2 9 87 29
2 4
47 6 22 19
3 5
20 83 85 82 8
14 1
59
2 2
1 89
2 8
3 1 95 43 44 20 19 56
13 5
31 13 65 14 3
13 9
1 47 5 1 5 4 30 50 1
9 7
77 1 22 7 14 37 2
10 4
26 30 5 71
22 6
73 5 19 4 56 5
1 8
12 24 41 5 36 7 48 64
14 7
87 47 94 49 18 2 2
1 1
30
5 3
9 2 54
2 3
92 1 1
14 9
1 14 37 19 22 6 16 67 1
3 6
57 39 6 48 39 45
6 8
1 88 58 15 20 23 3 64
18 9
2 27 1 81 1 33 13 24 86
1 1
67
1 6
74 1 12 78 29 23
2 3
21 70 45
19 1
95
1 7
30 4 91 69 2 39 23
19 9
4 60 5 46 8 28 53 12 32
5 9
2 38 94 5 33 95 4 12 64
1 8
26 37 65 58 14 3 10 34
19 2
89 85
16 7
5 26 40 74 10 36 17
21 1
24
3 6
28 7 89 1 41 12
11 9
25 2 38 87 59 31 2 55 95
1 5
1 1 69 16 4
1 8
5 1 4 37 62 65 2 1
4 5
80 46 1 51 91
8 1
66
22 8
2 1 47 17 42 75 54 8
14 5
87 1 18 11 9
16 8
46 16 79 40 95 8 54 1
16 4
65 43 90 69
1 1
87
23 9
14 4 49 15 11 1 78 5 31
18 7
41 44 76 73 1 8 36
1 1
50
2 7
2 98 1 52 2 2 30
1 3
6 19 1
19 9
64 3 53 4 13 5 50 24 84
8 7
1 2 33 22 18 17 39
19 7
11 3 13 22 2 67 1
5 3
12 31 96
8 6
4 1 95 52 99 12
9 6
19 2 22 1 45 70
1 6
45 4 11 56 8 92
25 7
41 4 12 26 19 14 67
