50
24
0
0
0
2 23 15
1 1
2 13 12
2 21 9
0
2 8 24
0
0
2 22 5
0
0
2 11 19
2 3 18
2 2 7
2 14 6
2 10 16
0
0
0
0
2 20 4
24
2 9 16
0
2 18 24
2 20 6
2 15 12
2 10 11
0
2 7 1
0
0
2 19 3
2 13 8
0
0
0
2 17 22
0
1 24
0
0
2 2 4
2 23 21
0
1 14
24
1 20
1 12
2 4 19
1 24
1 13
2 11 1
1 17
1 13
1 12
2 9 2
1 20
0
0
2 7 21
2 5 8
2 22 23
0
0
1 24
0
1 17
1 18
1 18
0
25
1 15
1 15
1 15
1 15
1 15
1 15
1 15
1 15
1 15
1 15
1 15
1 15
1 15
1 15
0
1 15
1 15
1 15
1 15
1 15
1 15
1 15
1 15
1 15
1 15
25
1 19
1 14
1 17
1 15
1 13
1 16
1 6
1 18
1 3
1 25
1 7
0
1 1
1 23
1 22
1 12
1 24
1 9
1 11
1 10
1 5
1 8
1 4
1 20
1 21
25
1 5
1 1
1 11
1 18
1 12
1 15
1 6
1 22
1 20
1 17
1 25
1 24
2 14 18
1 2
1 16
1 21
1 9
0
1 3
1 4
1 10
1 19
1 7
1 8
1 23
25
2 22 10
1 25
2 5 12
1 6
0
0
0
2 23 20
2 2 4
1 13
2 9 17
0
0
1 7
0
0
2 14 8
1 16
2 18 3
0
2 1 19
1 15
0
2 11 21
0
25
1 5
1 8
2 22 16
1 6
1 20
1 20
1 21
1 20
1 20
1 20
2 3 14
1 20
2 24 15
2 18 13
2 9 19
2 4 17
1 12
2 2 7
1 20
0
1 20
2 23 1
1 25
1 10
1 20
24
0
1 13
1 24
1 20
1 15
1 1
1 5
1 16
1 18
1 21
1 7
2 4 11
1 3
1 10
1 17
1 14
1 19
1 23
1 2
1 9
1 22
1 1
1 8
1 6
20
10 10 15 6 20 4 2 9 8 18 11
0
10 10 15 6 20 4 2 9 8 18 11
0
10 10 15 6 20 4 2 9 8 18 11
0
10 10 15 6 20 4 2 9 8 18 11
0
0
0
0
10 10 15 6 20 4 2 9 8 18 11
10 10 15 6 20 4 2 9 8 18 11
10 10 15 6 20 4 2 9 8 18 11
0
10 10 15 6 20 4 2 9 8 18 11
10 10 15 6 20 4 2 9 8 18 11
0
10 10 15 6 20 4 2 9 8 18 11
0
50
0
0
2 38 21
0
0
0
0
2 1 10
2 31 13
2 42 32
0
0
2 15 20
0
0
2 27 50
2 4 33
2 34 3
0
2 30 18
2 24 25
0
0
0
2 36 47
0
0
2 2 44
0
0
0
2 23 49
2 37 9
0
2 29 16
0
0
0
2 19 8
2 12 39
2 26 40
0
2 11 28
2 46 35
1 14
0
2 22 43
2 5 45
2 7 48
2 6 41
50
2 20 13
0
0
0
2 36 23
2 40 41
2 44 42
0
0
2 8 30
0
0
2 37 6
2 15 1
0
2 11 35
0
2 28 10
2 27 16
0
1 39
0
2 38 47
2 22 46
2 31 14
2 2 5
0
0
2 9 25
2 3 26
0
0
0
2 43 49
2 50 45
0
0
0
1 12
0
2 17 24
2 32 18
0
0
2 21 39
2 4 7
2 33 19
0
2 48 29
0
48
1 46
1 14
2 8 15
0
2 2 6
1 14
1 39
1 24
1 30
1 20
1 46
1 38
2 1 11
0
1 24
1 23
1 23
1 36
0
0
0
1 19
0
0
2 29 31
2 40 9
2 16 17
2 45 34
1 21
0
1 21
1 38
1 20
1 4
1 19
0
2 47 7
0
0
1 30
2 22 35
2 12 32
1 36
2 18 43
1 4
0
1 39
2 10 33
50
1 36
1 36
1 36
1 36
1 36
1 36
1 36
1 36
1 36
1 36
1 36
1 36
1 36
1 36
1 36
1 36
1 36
1 36
1 36
1 36
1 36
1 36
1 36
1 36
1 36
1 36
1 36
1 36
1 36
1 36
1 36
1 36
1 36
1 36
1 36
0
1 36
1 36
1 36
1 36
1 36
1 36
1 36
1 36
1 36
1 36
1 36
1 36
1 36
1 36
50
1 29
1 47
1 49
1 18
1 46
1 30
1 38
1 32
1 19
1 16
1 41
1 40
1 50
1 28
1 34
1 45
1 4
1 10
1 11
1 14
1 13
1 6
1 7
1 9
1 15
1 37
1 25
1 31
1 36
1 23
1 35
1 33
1 42
1 12
1 48
1 24
0
1 43
1 22
1 44
1 8
1 26
1 1
1 21
1 2
1 20
1 5
1 39
1 27
1 17
50
1 47
1 26
1 29
1 33
1 11
1 39
1 40
1 18
1 15
1 43
1 22
1 46
1 14
1 2
1 23
1 41
1 50
1 35
0
1 25
1 49
1 31
1 37
2 28 19
1 21
1 44
1 32
1 48
1 9
1 3
1 20
1 4
1 16
1 42
1 1
1 27
1 36
1 7
1 17
1 10
1 6
1 45
1 8
1 19
1 12
1 5
1 34
1 30
1 13
1 38
50
2 50 11
0
0
0
0
2 42 35
2 12 47
0
0
0
2 17 26
1 29
0
2 25 18
1 44
1 48
1 5
1 3
1 21
0
0
1 36
0
2 41 7
1 10
2 28 39
2 14 6
0
0
2 45 4
2 19 22
0
1 2
2 27 49
2 13 8
0
2 40 34
2 33 30
0
2 24 1
2 15 43
1 23
1 20
0
0
1 9
1 32
0
2 31 38
2 16 46
50
1 4
1 40
2 34 21
0
1 48
1 4
1 19
2 39 2
1 4
1 46
1 23
1 4
2 38 15
1 20
2 30 25
2 17 27
1 4
2 47 14
1 4
1 4
2 11 5
2 35 42
1 4
1 29
1 4
2 10 16
1 4
2 3 41
1 4
1 4
1 4
2 22 28
2 49 24
2 43 7
2 18 50
1 4
1 4
1 1
1 12
1 4
2 8 13
2 33 26
1 6
1 9
1 36
1 4
1 37
1 4
1 31
2 44 45
50
1 32
1 19
1 43
1 33
1 12
1 47
1 21
1 3
1 36
1 28
1 16
1 49
1 10
1 30
1 18
1 26
0
1 34
1 1
1 17
1 11
1 17
2 29 7
1 44
1 50
1 5
1 48
1 20
1 35
1 45
1 15
1 42
1 40
1 8
1 24
1 31
1 25
1 2
1 13
1 46
1 27
1 14
1 37
1 38
1 4
1 6
1 39
1 9
1 41
1 22
50
10 2 36 29 34 8 16 39 7 43 41
10 28 11 27 3 47 6 23 17 22 19
10 12 24 35 32 37 49 50 30 21 15
10 2 36 29 34 8 16 39 7 43 41
10 42 14 4 45 20 9 10 46 1 31
10 12 24 35 32 37 49 50 30 21 15
10 28 11 27 3 47 6 23 17 22 19
10 28 11 27 3 47 6 23 17 22 19
10 2 36 29 34 8 16 39 7 43 41
10 2 36 29 34 8 16 39 7 43 41
10 12 24 35 32 37 49 50 30 21 15
0
10 42 14 4 45 20 9 10 46 1 31
10 2 36 29 34 8 16 39 7 43 41
0
10 28 11 27 3 47 6 23 17 22 19
10 12 24 35 32 37 49 50 30 21 15
10 42 14 4 45 20 9 10 46 1 31
10 12 24 35 32 37 49 50 30 21 15
10 2 36 29 34 8 16 39 7 43 41
0
10 12 24 35 32 37 49 50 30 21 15
10 12 24 35 32 37 49 50 30 21 15
0
10 42 14 4 45 20 9 10 46 1 31
10 42 14 4 45 20 9 10 46 1 31
10 12 24 35 32 37 49 50 30 21 15
10 12 24 35 32 37 49 50 30 21 15
10 28 11 27 3 47 6 23 17 22 19
0
10 2 36 29 34 8 16 39 7 43 41
0
10 42 14 4 45 20 9 10 46 1 31
10 28 11 27 3 47 6 23 17 22 19
0
10 28 11 27 3 47 6 23 17 22 19
0
10 42 14 4 45 20 9 10 46 1 31
10 28 11 27 3 47 6 23 17 22 19
10 42 14 4 45 20 9 10 46 1 31
10 28 11 27 3 47 6 23 17 22 19
10 2 36 29 34 8 16 39 7 43 41
10 28 11 27 3 47 6 23 17 22 19
10 42 14 4 45 20 9 10 46 1 31
10 2 36 29 34 8 16 39 7 43 41
10 2 36 29 34 8 16 39 7 43 41
10 12 24 35 32 37 49 50 30 21 15
10 42 14 4 45 20 9 10 46 1 31
0
0
5
0
2 1 3
0
2 3 1
0
5
1 4
0
1 2
1 3
1 2
5
0
1 4
1 2
0
2 4 1
5
0
1 5
1 1
1 1
1 3
5
0
1 5
2 1 4
0
1 4
42
1 32
0
0
1 30
0
4 18 27 24 31
4 3 35 34 26
2 39 38
1 19
1 11
1 4
1 38
3 28 32 11
0
0
0
1 27
1 27
0
2 18 31
2 34 38
1 15
1 27
0
0
0
0
0
2 3 34
1 15
1 24
0
0
4 30 25 10 27
0
2 3 40
0
1 16
0
2 18 38
2 10 15
0
45
1 3
0
0
1 17
1 23
2 24 38
2 39 34
1 20
2 3 43
0
1 40
4 37 5 25 3
1 39
1 2
3 39 16 19
0
1 22
2 38 2
1 31
1 38
0
0
1 3
0
0
0
2 45 31
2 36 33
2 38 10
1 17
2 20 9
1 38
1 17
0
2 37 28
0
1 30
0
0
1 43
1 3
0
0
0
3 33 8 7
42
1 18
2 41 14
0
3 37 3 19
0
1 23
0
1 19
2 1 40
1 22
0
0
2 31 38
2 18 41
0
1 25
0
0
0
0
0
1 21
2 15 33
1 22
1 33
4 32 5 38 41
2 6 26
1 10
0
4 4 36 38 7
0
0
0
2 20 26
1 5
1 33
0
1 14
3 8 7 21
0
0
2 39 28
49
1 42
2 28 20
0
0
2 39 7
0
1 49
0
2 39 26
1 21
3 7 25 13
2 47 20
2 8 40
0
0
1 6
1 26
0
0
1 30
1 30
0
2 26 43
1 7
2 24 7
2 43 15
1 42
0
1 38
0
0
0
2 43 8
2 31 41
1 38
2 22 27
2 13 18
0
2 30 49
0
1 15
0
0
5 16 37 8 3 24
2 28 30
0
1 8
0
0
47
1 46
1 21
0
0
3 42 14 32
0
0
0
0
3 47 11 34
1 9
0
4 18 3 16 7
1 38
0
2 17 39
0
0
1 47
3 45 15 1
0
1 3
0
1 15
0
2 30 3
1 22
1 9
2 27 36
0
0
1 16
3 2 11 26
0
2 45 21
0
3 46 13 35
0
0
2 9 15
0
5 24 47 23 39 15
2 27 31
1 1
0
0
0
40
0
0
0
0
0
1 32
3 15 8 24
2 14 30
1 19
3 33 2 6
0
2 8 32
0
0
2 34 4
0
2 23 33
4 29 16 35 12
0
1 11
1 40
2 8 33
0
1 3
1 30
1 11
0
1 37
2 23 40
0
3 13 11 9
1 23
1 11
2 30 32
2 3 39
1 34
0
0
0
0
46
3 29 31 23
3 25 34 1
0
1 22
0
1 3
0
0
0
1 11
1 15
0
0
1 5
0
1 37
0
2 37 28
2 13 3
0
2 28 43
1 15
0
0
0
0
1 36
1 36
0
1 36
0
2 3 27
2 4 13
0
2 30 20
0
1 31
2 33 29
2 31 22
0
1 20
2 36 19
2 24 16
3 6 22 15
2 4 12
3 45 19 24
49
3 10 43 28
1 40
0
1 24
0
1 15
0
0
0
0
0
0
0
2 39 49
1 41
0
0
1 12
2 29 11
2 10 3
0
0
2 45 38
1 41
0
0
0
0
0
0
2 48 39
0
0
0
2 21 27
1 22
0
1 45
2 22 13
1 28
0
0
1 25
0
0
2 16 41
0
2 10 11
1 47
47
0
0
0
3 26 43 33
0
1 30
1 38
1 15
0
3 28 41 5
1 43
0
0
3 40 11 24
1 20
2 11 3
1 13
0
0
0
0
1 34
0
1 3
0
0
3 6 35 24
0
0
0
0
1 41
0
0
0
2 10 47
0
2 24 44
0
1 39
0
1 37
0
1 15
0
1 14
0
45
1 44
0
0
0
0
1 36
3 33 5 18
0
1 42
1 38
0
1 15
0
1 21
1 36
0
2 42 13
2 15 3
3 21 42 12
1 18
0
0
0
1 14
0
1 35
0
2 11 6
1 22
0
0
0
0
0
0
0
1 3
1 3
0
3 22 2 21
0
0
2 15 34
0
0
46
0
0
0
0
1 38
0
0
0
1 6
1 39
1 31
3 31 37 20
1 30
2 13 45
0
1 8
0
1 27
0
1 8
0
2 25 44
0
1 37
0
2 8 33
0
1 15
0
0
0
1 12
2 36 15
0
0
1 17
0
0
2 42 44
1 21
1 38
0
1 28
0
2 30 35
0
49
0
0
1 6
0
1 18
0
2 33 8
1 36
0
1 14
1 45
1 38
0
0
0
3 31 39 7
0
0
0
0
0
1 34
1 19
2 33 21
3 10 43 26
0
2 3 43
2 47 20
0
2 4 10
1 44
0
0
0
0
0
2 48 36
0
1 4
2 4 49
1 19
0
0
0
0
1 21
0
0
0
49
1 40
1 3
1 11
0
0
1 18
1 17
1 40
0
3 41 16 48
0
0
0
0
1 44
2 18 34
1 42
0
2 29 32
0
1 18
1 38
1 38
1 43
0
0
0
0
0
1 18
1 2
1 5
0
0
1 41
0
0
0
0
1 33
0
0
2 12 11
0
2 7 1
2 42 12
0
2 34 27
0
40
0
2 1 15
0
0
0
3 30 29 25
0
2 36 33
1 15
2 3 17
2 31 22
0
0
1 5
0
1 37
0
1 9
2 26 17
0
0
0
1 2
0
0
0
1 10
3 10 2 23
0
0
0
0
0
0
2 1 20
0
0
0
0
2 26 33
50
2 24 17
0
0
3 40 8 34
3 41 49 44
0
0
0
0
0
0
0
0
0
1 40
0
0
0
0
4 25 13 50 39
1 12
1 17
1 6
0
0
2 32 27
0
0
1 10
1 14
1 21
0
1 21
0
1 24
2 6 31
0
0
1 6
1 13
1 9
0
1 34
0
2 38 22
1 3
0
1 33
0
0
48
0
0
0
0
2 27 48
1 2
1 3
0
2 42 8
2 24 8
2 39 48
3 10 4 28
3 39 43 12
0
0
0
0
0
2 18 46
0
0
0
0
0
2 33 27
0
0
0
0
0
0
0
2 40 7
0
1 27
1 24
1 32
1 16
3 32 35 31
0
0
1 48
1 37
0
0
1 33
0
0
46
0
1 30
0
2 42 43
0
1 39
2 29 27
1 12
2 34 14
1 41
1 19
1 40
1 39
0
0
1 17
0
2 25 24
1 24
1 9
2 6 28
0
2 43 29
0
0
0
1 24
0
0
0
0
0
0
0
0
1 40
0
0
0
0
1 12
1 30
2 22 8
1 38
0
1 29
45
1 14
2 27 42
0
0
0
1 36
0
2 4 1
0
0
0
0
0
0
0
3 33 5 22
1 8
1 11
2 40 4
0
2 24 15
0
0
1 36
1 41
1 11
0
0
1 9
2 4 3
0
0
0
0
1 21
0
0
1 24
1 4
2 14 13
0
2 14 11
1 7
0
1 6
46
0
0
0
2 35 17
0
0
0
1 21
0
1 25
0
0
0
1 2
0
1 9
0
0
0
0
0
1 43
0
0
1 21
0
0
1 17
0
1 32
1 20
0
0
1 23
0
1 45
0
0
0
1 19
0
0
0
1 40
0
0
50
0
0
0
0
1 46
0
0
0
0
0
0
0
0
0
0
0
0
3 45 33 20
0
0
1 4
0
0
0
0
0
0
1 43
0
2 38 40
0
2 43 40
0
0
1 50
0
2 10 25
0
0
1 4
0
1 14
0
0
0
0
1 8
0
0
0
47
0
0
0
0
1 35
1 43
0
0
0
0
0
1 20
0
0
0
0
0
1 46
0
0
0
0
1 47
0
0
0
0
0
0
2 33 1
0
0
0
1 10
0
1 13
0
0
2 3 8
1 18
0
1 11
0
1 7
1 28
0
0
47
1 46
0
0
1 25
0
1 12
0
0
0
0
0
1 3
0
0
1 44
0
0
1 23
0
0
0
0
0
1 31
0
0
2 15 44
0
0
0
0
0
0
1 12
0
0
2 25 39
0
0
0
1 33
0
0
0
1 20
0
1 15
49
0
1 17
0
0
0
0
1 21
0
0
0
0
0
2 6 46
1 6
0
0
0
1 23
0
1 9
0
0
0
1 46
0
0
0
0
1 36
2 34 2
1 21
0
1 12
0
0
0
1 15
1 28
0
1 30
0
0
0
0
0
0
0
0
0
43
1 39
1 34
0
1 32
0
0
0
0
0
0
0
0
0
0
1 10
1 43
0
0
0
1 10
0
1 18
0
0
0
0
1 11
0
0
0
0
0
0
0
0
0
1 15
1 33
0
1 21
0
0
3 10 37 25
49
0
1 12
0
0
0
0
0
0
1 7
0
0
0
1 8
0
0
0
0
0
1 14
0
0
3 6 17 43
0
0
1 33
1 18
1 14
1 34
1 41
0
1 6
1 48
0
0
0
0
0
0
0
1 33
0
0
1 46
0
0
0
0
0
0
