100
1 01
2 301
6 0102222
6 2090001
6 1210122
1 01
5 030001
3 2451
3 0788
6 1552801
5 101121
3 2222
2 001
1 01
6 0050005
5 110011
1 02
6 5013252
6 3005448
6 2011001
0 1
6 0112201
3 5091
6 0008001
6 6186217
0 1
6 0006011
6 7137476
6 5400801
6 5225979
1 09
4 20761
6 0000001
3 2081
6 2112101
6 9999999
0 1
6 2607093
6 6000001
6 1080001
6 2050081
6 4000301
6 2201001
6 6291576
6 5471632
3 1111
3 1161
6 1400901
6 1111111
5 000001
6 9000001
2 001
6 0000001
6 0100001
4 11111
6 2110002
6 5213249
3 2111
2 225
4 38163
1 67
4 55619
6 5800141
6 0000001
6 8400001
6 0000001
6 1507001
6 0000001
6 0000001
6 3565461
6 0008001
3 2011
6 7091001
6 2898419
3 0501
6 0000051
6 0300101
1 01
6 0020001
6 1111112
4 11111
3 4041
5 300301
5 006001
6 0201301
6 0020001
6 0220101
1 01
6 0000001
3 1011
1 01
1 21
6 1201121
4 80601
2 121
6 2020101
1 71
4 18301
6 6001007
6 0000701
